828
147
411
26
237
34
356
410
826
547
648
152
21
290
600
577
501
592
837
349
342
292
635
121
564
14
243
628
148
605
370
575
596
382
384
441
352
663
282
601
602
614
654
584
389
688
430
174
228
662
476
242
637
691
230
723
517
350
645
379
293
554
634
283
443
417
491
226
186
376
650
190
660
136
652
659
175
824
391
371
138
262
581
187
808
473
810
585
257
348
20
802
145
221
819
695
6
690
599
437
657
150
266
683
235
582
372
265
444
434
494
445
2
793
260
427
684
685
244
419
655
248
198
492
122
433
131
144
639
36
598
678
530
618
355
0
490
566
797
638
795
627
623
225
141
236
792
249
224
724
132
353
10
665
471
30
362
42
11
622
448
381
368
263
280
252
495
258
496
247
13
390
240
245
704
181
127
552
477
573
28
357
354
432
428
440
22
705
549
719
629
583
570
25
241
632
815
130
811
346
694
414
625
661
538
435
188
641
193
232
504
668
140
619
813
415
721
569
449
697
551
630
178
800
194
5
604
692
239
19
180
173
268
591
527
1
291
359
478
223
698
251
154
574
689
550
256
829
640
264
664
287
447
182
393
205
701
812
561
369
531
255
699
595
129
137
37
687
388
197
253
281
546
422
672
696
647
120
722
3
624
534
555
798
177
567
676
442
716
289
125
254
373
725
563
587
203
229
529
572
343
532
192
439
474
500
424
682
191
806
24
644
830
451
809
438
284
537
693
199
288
7
184
816
286
222
345
544
151
363
40
464
580
576
298
395
498
149
426
686
383
344
817
553
429
12
466
41
667
367
468
436
653
202
493
33
807
183
835
656
479
139
579
636
446
560
718
703
246
27
153
677
261
234
674
358
675
827
31
143
185
502
558
204
626
123
528
475
720
385
465
633
805
593
831
285
361
378
469
364
200
586
796
621
711
425
135
377
571
616
594
651
4
189
823
821
23
423
360
794
450
548
679
176
470
375
250
155
431
643
32
535
658
702
467
820
556
481
201
617
836
603
804
565
499
631
128
480
366
238
39
133
649
578
497
642
35
832
597
195
8
841
717
822
590
588
680
589
557
613
142
536
545
620
818
803
418
374
38
825
227
43
799
681
392
394
615
472
420
416
146
814
347
386
124
673
396
834
568
533
196
233
134
387
259
380
666
421
126
801
365
231
29
559
700
179
9
351
562
833
646
828
147
411
26
237
34
356
410
826
547
648
152
21
290
600
577
501
592
837
349
342
292
635
121
564
14
243
628
148
605
370
575
1263
596
382
384
441
352
663
282
1264
601
1271
602
614
654
584
389
688
430
174
228
662
476
242
637
691
230
723
517
350
645
379
293
554
634
283
443
417
491
226
186
376
650
1260
190
660
136
652
659
175
824
391
371
138
262
581
187
808
473
810
585
257
348
20
802
1272
145
221
819
695
6
690
599
437
657
150
266
683
235
582
372
265
444
434
494
445
2
793
260
427
1270
684
685
244
419
655
248
198
492
122
433
131
144
639
36
598
678
530
618
355
0
490
566
797
638
795
627
623
225
141
236
792
249
224
724
132
353
10
665
471
30
362
42
11
622
448
381
368
263
280
252
495
258
496
247
13
390
240
245
704
181
127
552
477
573
28
357
354
432
428
440
22
705
549
719
629
583
570
25
241
632
815
130
811
346
694
1258
414
625
661
538
435
188
641
193
232
504
668
140
619
813
415
721
569
449
697
551
630
178
800
194
5
604
692
239
19
180
173
268
591
527
1
291
359
478
223
698
251
1275
154
574
689
550
256
829
640
264
664
287
447
182
1268
393
205
701
812
561
369
531
255
1259
699
595
129
137
37
687
388
197
253
281
546
422
672
696
647
120
722
3
624
534
555
798
177
567
676
442
716
289
125
254
373
725
563
587
203
229
529
572
343
532
192
439
474
500
424
682
191
806
24
644
830
451
809
1262
438
284
537
693
199
288
7
184
816
286
222
345
544
151
363
40
464
580
576
298
395
498
149
426
686
383
344
817
553
429
12
466
41
667
367
468
436
653
202
493
33
807
183
835
656
1265
479
139
579
636
446
560
718
703
246
27
153
677
261
234
674
1261
358
675
827
31
143
185
502
558
204
626
123
528
475
720
385
465
633
805
593
831
285
361
378
469
364
200
586
796
621
711
425
135
377
571
616
594
1269
651
4
189
823
821
23
423
360
794
450
548
679
176
470
375
250
155
431
643
32
535
658
702
467
1256
820
556
481
201
617
836
603
804
565
499
631
128
480
366
238
39
133
649
578
497
642
35
832
597
195
8
841
717
822
590
588
680
1257
589
557
613
142
536
545
620
818
803
418
374
38
825
227
43
799
681
392
394
615
472
420
416
146
814
347
386
124
673
396
834
568
533
196
1274
233
134
387
259
380
666
421
126
801
365
231
29
559
700
179
9
351
562
833
646
