2 0.741796875 0.561111111111 0.01953125 0.0388888888889
2 0.78203125 0.5375 0.015625 0.0305555555556
0 0.4453125 0.736111111111 0.05 0.102777777778
0 0.732421875 0.610416666667 0.02890625 0.0569444444444
0 0.990234375 0.575 0.01796875 0.0416666666667
0 0.943359375 0.510416666667 0.00859375 0.0208333333333
0 0.978125 0.520138888889 0.0109375 0.0236111111111
0 0.969140625 0.502777777778 0.00859375 0.0194444444444
1 0.809765625 0.507638888889 0.00859375 0.0180555555556
1 0.828125 0.519444444444 0.009375 0.025
1 0.98515625 0.543055555556 0.0109375 0.0333333333333
