2 0.105078125 0.890277777778 0.08203125 0.172222222222
2 0.972265625 0.888194444444 0.05390625 0.179166666667
2 0.611328125 0.518055555556 0.01953125 0.0777777777778
2 0.594140625 0.50625 0.01328125 0.0680555555556
2 0.370703125 0.518055555556 0.01796875 0.0805555555556
2 0.389453125 0.504166666667 0.01328125 0.0722222222222
0 0.743359375 0.657638888889 0.03984375 0.0736111111111
0 0.11484375 0.597222222222 0.0265625 0.0527777777778
0 0.33203125 0.559722222222 0.0203125 0.0361111111111
0 0.401171875 0.533333333333 0.01015625 0.0333333333333
1 0.2953125 0.652777777778 0.0359375 0.0722222222222
1 0.888671875 0.597916666667 0.02265625 0.0541666666667
1 0.66640625 0.561111111111 0.0171875 0.0416666666667
1 0.58359375 0.532638888889 0.009375 0.0291666666667
0 0.558203125 0.500694444444 0.00859375 0.0208333333333
0 0.1265625 0.497916666667 0.009375 0.0208333333333
0 0.251953125 0.5 0.00859375 0.0222222222222
0 0.34140625 0.506944444444 0.0109375 0.0222222222222
1 0.4328125 0.499305555556 0.0078125 0.0208333333333
1 0.654296875 0.504861111111 0.01015625 0.0208333333333
1 0.75625 0.5 0.009375 0.0194444444444
