2 0.277734375 0.540277777778 0.01484375 0.0305555555556
2 0.298828125 0.564583333333 0.01796875 0.0430555555556
0 0.06796875 0.552083333333 0.0203125 0.0347222222222
0 0.22421875 0.520138888889 0.0140625 0.0263888888889
1 0.319921875 0.632638888889 0.03359375 0.0680555555556
1 0.6890625 0.817361111111 0.065625 0.143055555556
1 0.016796875 0.585416666667 0.02421875 0.0513888888889
1 0.067578125 0.524305555556 0.01328125 0.0263888888889
0 0.207421875 0.499305555556 0.00703125 0.0180555555556
0 0.242578125 0.506944444444 0.01015625 0.0194444444444
0 0.117578125 0.496527777778 0.00703125 0.0152777777778
1 0.02578125 0.503472222222 0.009375 0.0180555555556
1 0.091015625 0.506944444444 0.00859375 0.0194444444444
1 0.104296875 0.513194444444 0.01015625 0.0208333333333
