0 0.468359375 0.730555555556 0.04921875 0.102777777778
0 0.5578125 0.63125 0.0234375 0.0652777777778
0 0.53125 0.573611111111 0.01875 0.0444444444444
0 0.433203125 0.544444444444 0.01484375 0.0361111111111
1 0.733984375 0.555555555556 0.01484375 0.0388888888889
2 0.26015625 0.733333333333 0.090625 0.305555555556
2 0.5109375 0.619444444444 0.0484375 0.188888888889
2 0.767578125 0.531944444444 0.01328125 0.0305555555556
2 0.7890625 0.51875 0.0109375 0.0263888888889
2 0.962890625 0.522916666667 0.01015625 0.0263888888889
2 0.973828125 0.54375 0.01328125 0.0347222222222
0 0.159375 0.528472222222 0.0125 0.0263888888889
0 0.296484375 0.530555555556 0.01171875 0.0277777777778
1 0.2328125 0.515277777778 0.009375 0.0222222222222
1 0.3953125 0.517361111111 0.0109375 0.0236111111111
1 0.58515625 0.529861111111 0.0125 0.0291666666667
