2 0.50078125 0.547916666667 0.0140625 0.0375
2 0.525390625 0.580555555556 0.01953125 0.0472222222222
1 0.176171875 0.540277777778 0.01484375 0.0305555555556
1 0.24375 0.590972222222 0.0265625 0.0513888888889
1 0.56328125 0.679166666667 0.0390625 0.0833333333333
0 0.296875 0.552777777778 0.0171875 0.0361111111111
0 0.444140625 0.525 0.01171875 0.0277777777778
1 0.1859375 0.499305555556 0.0078125 0.0152777777778
1 0.267578125 0.501388888889 0.00703125 0.0166666666667
1 0.322265625 0.505555555556 0.00703125 0.0194444444444
1 0.333984375 0.511805555556 0.00859375 0.0208333333333
1 0.30078125 0.523611111111 0.009375 0.0222222222222
1 0.09375 0.500694444444 0.00625 0.0152777777778
0 0.428515625 0.499305555556 0.00703125 0.0180555555556
0 0.462109375 0.509027777778 0.00859375 0.0208333333333
0 0.12734375 0.494444444444 0.00625 0.0138888888889
