2 0.295703125 0.704166666667 0.07421875 0.277777777778
0 0.875390625 0.588194444444 0.02109375 0.0458333333333
0 0.20546875 0.914583333333 0.0765625 0.170833333333
0 0.373828125 0.696527777778 0.03359375 0.0847222222222
0 0.350390625 0.609027777778 0.02265625 0.0541666666667
0 0.2375 0.570138888889 0.0171875 0.0430555555556
1 0.5859375 0.577083333333 0.01875 0.0430555555556
0 0.066015625 0.554861111111 0.01640625 0.0347222222222
1 0.200390625 0.534027777778 0.01171875 0.0263888888889
1 0.420703125 0.547222222222 0.01171875 0.0305555555556
2 0.618359375 0.547222222222 0.01171875 0.0333333333333
2 0.637890625 0.528472222222 0.01015625 0.0263888888889
2 0.80625 0.53125 0.0109375 0.0263888888889
2 0.82421875 0.553472222222 0.0125 0.0347222222222
