2 0.75859375 0.680555555556 0.078125 0.252777777778
2 0.184375 0.554861111111 0.015625 0.0347222222222
2 0.196484375 0.535416666667 0.01171875 0.0291666666667
2 0.369140625 0.527083333333 0.01015625 0.0263888888889
2 0.392578125 0.545833333333 0.01171875 0.0333333333333
1 0.851953125 0.8625 0.07265625 0.155555555556
1 0.63671875 0.654861111111 0.0265625 0.0736111111111
1 0.6734375 0.58125 0.0171875 0.0486111111111
1 0.1625 0.588888888889 0.0203125 0.0472222222222
0 0.45078125 0.572916666667 0.01875 0.0402777777778
0 0.644921875 0.534027777778 0.01328125 0.0291666666667
1 0.923046875 0.541666666667 0.01796875 0.0333333333333
1 0.802734375 0.550694444444 0.01796875 0.0347222222222
0 0.798828125 0.525 0.01171875 0.0277777777778
