2 0.36015625 0.569444444444 0.0375 0.133333333333
2 0.513671875 0.60625 0.04765625 0.173611111111
1 0.3265625 0.544444444444 0.0140625 0.0333333333333
1 0.298828125 0.579861111111 0.01796875 0.0458333333333
1 0.39375 0.63125 0.0265625 0.0625
1 0.789453125 0.706944444444 0.03828125 0.0944444444444
0 0.140625 0.549305555556 0.015625 0.0347222222222
2 0.075390625 0.534027777778 0.01328125 0.0291666666667
2 0.038671875 0.522222222222 0.01171875 0.025
1 0.4265625 0.523611111111 0.0125 0.025
1 0.892578125 0.509027777778 0.00859375 0.0236111111111
1 0.753515625 0.506944444444 0.00859375 0.0194444444444
1 0.62734375 0.507638888889 0.009375 0.0208333333333
0 0.307421875 0.517361111111 0.01015625 0.0236111111111
0 0.4328125 0.506944444444 0.0078125 0.0194444444444
0 0.5765625 0.502083333333 0.0078125 0.0180555555556
0 0.731640625 0.5 0.00859375 0.0166666666667
