2 0.345703125 0.550694444444 0.02734375 0.118055555556
2 0.3796875 0.528472222222 0.0171875 0.0930555555556
2 0.685546875 0.552777777778 0.02734375 0.113888888889
2 0.6546875 0.529166666667 0.01875 0.0916666666667
0 0.274609375 0.624305555556 0.03046875 0.0597222222222
0 0.392578125 0.568055555556 0.01640625 0.0444444444444
0 0.596875 0.514583333333 0.009375 0.0236111111111
1 0.788671875 0.627777777778 0.03046875 0.0638888888889
1 0.64296875 0.567361111111 0.0140625 0.0458333333333
1 0.44453125 0.514583333333 0.009375 0.0263888888889
1 0.719140625 0.521527777778 0.01171875 0.0263888888889
1 0.146875 0.502777777778 0.0078125 0.0194444444444
1 0.840625 0.513194444444 0.0125 0.0263888888889
1 0.950390625 0.5125 0.01171875 0.025
0 0.08125 0.513194444444 0.0125 0.0236111111111
0 0.22734375 0.516666666667 0.0125 0.025
0 0.330078125 0.525694444444 0.01328125 0.0291666666667
2 0.455859375 0.503472222222 0.00859375 0.0208333333333
2 0.5765625 0.503472222222 0.009375 0.0208333333333
