2 0.362109375 0.531944444444 0.02109375 0.0916666666667
2 0.38671875 0.515277777778 0.015625 0.0777777777778
2 0.637109375 0.529861111111 0.01953125 0.0902777777778
2 0.61640625 0.513888888889 0.0140625 0.075
0 0.850390625 0.740972222222 0.04921875 0.109722222222
1 0.23046875 0.734027777778 0.05 0.104166666667
0 0.39921875 0.545138888889 0.009375 0.0347222222222
0 0.361328125 0.563888888889 0.01015625 0.00555555555556
0 0.314453125 0.582638888889 0.01796875 0.0458333333333
0 0.032421875 0.639583333333 0.03203125 0.0708333333333
1 0.7078125 0.582638888889 0.021875 0.0486111111111
1 0.60625 0.544444444444 0.0125 0.0361111111111
0 0.243359375 0.50625 0.01015625 0.0236111111111
0 0.337890625 0.513888888889 0.01171875 0.025
0 0.574609375 0.504861111111 0.00859375 0.0208333333333
1 0.438671875 0.504166666667 0.00859375 0.0222222222222
1 0.680078125 0.509722222222 0.01015625 0.0222222222222
0 0.109375 0.504166666667 0.0109375 0.0222222222222
2 0.446875 0.495833333333 0.00625 0.0166666666667
2 0.55703125 0.496527777778 0.0078125 0.0180555555556
