0 0.487890625 0.578472222222 0.01796875 0.0430555555556
0 0.68984375 0.536805555556 0.0140625 0.0291666666667
1 0.193359375 0.59375 0.02109375 0.0486111111111
1 0.691796875 0.672916666667 0.03203125 0.0819444444444
1 0.72421875 0.588888888889 0.021875 0.05
1 0.8578125 0.556944444444 0.01875 0.0388888888889
1 0.957421875 0.927083333333 0.06484375 0.145833333333
2 0.837109375 0.713888888889 0.09140625 0.288888888889
2 0.405078125 0.529861111111 0.01015625 0.0263888888889
2 0.42890625 0.549305555556 0.0125 0.0347222222222
2 0.217578125 0.557638888889 0.01484375 0.0347222222222
2 0.2328125 0.536111111111 0.0125 0.0277777777778
0 0.8515625 0.528472222222 0.0140625 0.0263888888889
1 0.987109375 0.545833333333 0.01484375 0.0361111111111
