2 0.31484375 0.579166666667 0.04375 0.141666666667
2 0.3640625 0.54375 0.0234375 0.106944444444
2 0.7328125 0.576388888889 0.0421875 0.138888888889
2 0.68828125 0.54375 0.021875 0.109722222222
0 0.21171875 0.678472222222 0.04375 0.0763888888889
0 0.37734375 0.591666666667 0.01875 0.0527777777778
0 0.61328125 0.521527777778 0.0109375 0.0263888888889
1 0.88515625 0.681944444444 0.04375 0.0916666666667
1 0.676953125 0.591666666667 0.01953125 0.0527777777778
1 0.750390625 0.529166666667 0.01328125 0.0305555555556
1 0.4453125 0.520833333333 0.0109375 0.0277777777778
2 0.45703125 0.507638888889 0.009375 0.0236111111111
2 0.588671875 0.508333333333 0.00859375 0.0222222222222
0 0.04609375 0.521527777778 0.0125 0.0263888888889
0 0.20390625 0.523611111111 0.0140625 0.0277777777778
0 0.78046875 0.507638888889 0.009375 0.0208333333333
1 0.1234375 0.508333333333 0.0109375 0.0222222222222
1 0.882421875 0.51875 0.01484375 0.0263888888889
