1 0.0203125 0.584722222222 0.0234375 0.0444444444444
1 0.292578125 0.588888888889 0.01953125 0.0472222222222
1 0.55078125 0.574305555556 0.01875 0.0430555555556
1 0.627734375 0.747916666667 0.04765625 0.109722222222
1 0.71484375 0.551388888889 0.015625 0.0361111111111
0 0.719140625 0.621527777778 0.02890625 0.0597222222222
0 0.947265625 0.56875 0.02109375 0.0430555555556
2 0.12109375 0.554861111111 0.034375 0.1125
0 0.7640625 0.502083333333 0.0078125 0.0180555555556
0 0.883203125 0.515277777778 0.01328125 0.025
0 0.95234375 0.532638888889 0.0125 0.0319444444444
0 0.1359375 0.505555555556 0.0078125 0.0166666666667
0 0.526953125 0.495833333333 0.00546875 0.0138888888889
0 0.6390625 0.497222222222 0.0078125 0.0166666666667
0 0.28203125 0.497916666667 0.00625 0.0152777777778
1 0.58203125 0.502777777778 0.0078125 0.0166666666667
1 0.669921875 0.508333333333 0.00859375 0.0194444444444
1 0.738671875 0.51875 0.01015625 0.0236111111111
1 0.75703125 0.53125 0.0109375 0.0291666666667
1 0.075 0.516666666667 0.0109375 0.0222222222222
1 0.187890625 0.508333333333 0.00859375 0.0166666666667
1 0.493359375 0.501388888889 0.00703125 0.0166666666667
