1 0.71953125 0.644444444444 0.0328125 0.0722222222222
1 0.699609375 0.578472222222 0.01953125 0.0486111111111
1 0.77890625 0.545833333333 0.015625 0.0361111111111
1 0.416796875 0.535416666667 0.01328125 0.0319444444444
1 0.924609375 0.53125 0.01484375 0.0319444444444
0 0.30625 0.651388888889 0.034375 0.075
0 0.3203125 0.592361111111 0.0171875 0.0541666666667
0 0.254296875 0.558333333333 0.01953125 0.0388888888889
0 0.129296875 0.541666666667 0.01796875 0.0333333333333
0 0.613671875 0.534722222222 0.01328125 0.0305555555556
2 0.81875 0.638194444444 0.059375 0.2125
2 0.722265625 0.575 0.03984375 0.144444444444
2 0.199609375 0.646527777778 0.07265625 0.218055555556
2 0.303125 0.578472222222 0.04375 0.143055555556
2 0.432421875 0.516666666667 0.01171875 0.025
2 0.443359375 0.50625 0.00859375 0.0208333333333
2 0.57109375 0.505555555556 0.009375 0.0222222222222
2 0.5828125 0.516666666667 0.009375 0.025
1 0.04921875 0.520833333333 0.0125 0.025
1 0.27109375 0.522916666667 0.0109375 0.0291666666667
0 0.799609375 0.513888888889 0.01015625 0.025
0 0.959765625 0.511805555556 0.01015625 0.0263888888889
