2 0.596484375 0.555555555556 0.01484375 0.0361111111111
2 0.38125 0.556944444444 0.0171875 0.0361111111111
0 0.654296875 0.59375 0.02421875 0.0486111111111
0 0.90390625 0.552777777778 0.01875 0.0361111111111
0 0.012890625 0.664583333333 0.02421875 0.0763888888889
1 0.9078125 0.752083333333 0.0484375 0.1125
1 0.9515625 0.624305555556 0.0265625 0.0597222222222
1 0.137109375 0.567361111111 0.02265625 0.0375
1 0.341015625 0.597222222222 0.02109375 0.05
2 0.40390625 0.533333333333 0.0140625 0.0277777777778
2 0.5765625 0.531944444444 0.0109375 0.0277777777778
