1 0.906640625 0.54375 0.01484375 0.0347222222222
0 0.921484375 0.574305555556 0.02265625 0.0458333333333
0 0.666796875 0.625 0.02890625 0.0638888888889
0 0.33515625 0.813888888889 0.0640625 0.136111111111
2 0.66796875 0.563194444444 0.01875 0.0402777777778
2 0.706640625 0.538194444444 0.01171875 0.0319444444444
1 0.727734375 0.505555555556 0.00703125 0.0194444444444
1 0.7484375 0.51875 0.009375 0.0236111111111
1 0.77734375 0.495833333333 0.00625 0.0166666666667
0 0.856640625 0.50625 0.00703125 0.0208333333333
0 0.877734375 0.499305555556 0.00859375 0.0180555555556
0 0.89375 0.516666666667 0.009375 0.025
0 0.93984375 0.494444444444 0.00625 0.0166666666667
