1 0.64765625 0.559722222222 0.01875 0.0388888888889
0 0.328515625 0.797222222222 0.06484375 0.125
0 0.690234375 0.6125 0.02890625 0.0611111111111
0 0.758984375 0.536805555556 0.01796875 0.0347222222222
0 0.9828125 0.547222222222 0.01875 0.0388888888889
2 0.353125 0.615972222222 0.03125 0.0625
2 0.41015625 0.563888888889 0.01875 0.0416666666667
0 0.615625 0.520833333333 0.0109375 0.025
0 0.573828125 0.508333333333 0.00859375 0.0222222222222
0 0.591015625 0.499305555556 0.00703125 0.0180555555556
0 0.64609375 0.490972222222 0.00625 0.0152777777778
0 0.716015625 0.488194444444 0.00703125 0.0152777777778
0 0.896875 0.484027777778 0.00625 0.0152777777778
0 0.79921875 0.484722222222 0.00625 0.0138888888889
1 0.435546875 0.511111111111 0.00859375 0.0222222222222
1 0.461328125 0.529166666667 0.01171875 0.0305555555556
1 0.48828125 0.496527777778 0.00625 0.0180555555556
