0 0.276953125 0.619444444444 0.02890625 0.0583333333333
0 0.39375 0.564583333333 0.0140625 0.0430555555556
0 0.595703125 0.5125 0.00859375 0.025
1 0.78203125 0.622916666667 0.03125 0.0652777777778
1 0.6390625 0.565277777778 0.0140625 0.0416666666667
1 0.444921875 0.5125 0.01015625 0.025
1 0.716015625 0.519444444444 0.01171875 0.0277777777778
2 0.682421875 0.549305555556 0.02890625 0.1125
2 0.651171875 0.527083333333 0.01796875 0.0875
2 0.348828125 0.55 0.02734375 0.113888888889
2 0.381640625 0.526388888889 0.01640625 0.0944444444444
2 0.4546875 0.502777777778 0.0078125 0.0194444444444
2 0.575390625 0.502083333333 0.00859375 0.0208333333333
0 0.083203125 0.511805555556 0.01015625 0.0236111111111
0 0.228125 0.513888888889 0.0109375 0.025
0 0.330859375 0.525694444444 0.01328125 0.0291666666667
1 0.837109375 0.5125 0.01171875 0.025
1 0.944921875 0.510416666667 0.01171875 0.0236111111111
1 0.1484375 0.502083333333 0.0078125 0.0208333333333
