1 0.83984375 0.656944444444 0.0359375 0.075
1 0.661328125 0.579861111111 0.01796875 0.0486111111111
1 0.44609375 0.515972222222 0.0109375 0.0263888888889
1 0.7375 0.524305555556 0.0109375 0.0291666666667
0 0.24296875 0.650694444444 0.0375 0.0708333333333
0 0.386328125 0.58125 0.01640625 0.0486111111111
0 0.606640625 0.518055555556 0.01015625 0.0277777777778
2 0.712109375 0.563888888889 0.03359375 0.130555555556
2 0.676171875 0.536805555556 0.02265625 0.101388888889
2 0.330078125 0.565972222222 0.03671875 0.126388888889
2 0.37265625 0.536111111111 0.01875 0.1
1 0.134765625 0.50625 0.00859375 0.0208333333333
1 0.86484375 0.514583333333 0.0125 0.0236111111111
1 0.98125 0.5125 0.0125 0.025
0 0.06171875 0.517361111111 0.0125 0.0236111111111
0 0.215625 0.51875 0.0125 0.0263888888889
0 0.76953125 0.503472222222 0.009375 0.0236111111111
2 0.45703125 0.505555555556 0.0078125 0.0222222222222
2 0.584765625 0.504861111111 0.00859375 0.0208333333333
