1 0.163671875 0.597916666667 0.02265625 0.0486111111111
1 0.68515625 0.683333333333 0.0328125 0.0861111111111
1 0.71484375 0.592361111111 0.0203125 0.0513888888889
0 0.472265625 0.581944444444 0.02109375 0.0472222222222
0 0.67734375 0.5375 0.0140625 0.0333333333333
2 0.84375 0.732638888889 0.0890625 0.318055555556
2 0.192578125 0.559722222222 0.01640625 0.0361111111111
2 0.208984375 0.538194444444 0.01328125 0.0291666666667
2 0.3875 0.529861111111 0.0109375 0.0263888888889
2 0.41171875 0.552083333333 0.0140625 0.0347222222222
1 0.977734375 0.546527777778 0.01640625 0.0347222222222
1 0.85 0.558333333333 0.0171875 0.0388888888889
0 0.840234375 0.527777777778 0.01328125 0.0277777777778
