1 0.78046875 0.725694444444 0.0421875 0.104166666667
1 0.799609375 0.607638888889 0.02265625 0.0569444444444
1 0.94375 0.566666666667 0.021875 0.0444444444444
1 0.200390625 0.606944444444 0.02734375 0.0555555555556
0 0.525390625 0.591666666667 0.02421875 0.0472222222222
0 0.746875 0.542361111111 0.0171875 0.0347222222222
2 0.237109375 0.563888888889 0.01796875 0.0388888888889
2 0.25703125 0.538888888889 0.0140625 0.0305555555556
2 0.437890625 0.531944444444 0.01171875 0.0305555555556
2 0.462890625 0.555555555556 0.01484375 0.0361111111111
0 0.92421875 0.531944444444 0.0140625 0.0305555555556
