1 0.326171875 0.573611111111 0.02109375 0.0416666666667
1 0.53515625 0.620833333333 0.025 0.0611111111111
1 0.05546875 0.554861111111 0.01875 0.0347222222222
0 0.923046875 0.634722222222 0.03515625 0.0666666666667
0 0.175390625 0.69375 0.03671875 0.0875
0 0.05859375 0.615972222222 0.0296875 0.0569444444444
2 0.57421875 0.569444444444 0.01875 0.0416666666667
2 0.595703125 0.542361111111 0.01328125 0.0319444444444
2 0.7921875 0.544444444444 0.0125 0.0333333333333
2 0.8265625 0.576388888889 0.01875 0.0444444444444
