0 0.49296875 0.688888888889 0.040625 0.0861111111111
0 0.582421875 0.6125 0.02578125 0.0583333333333
0 0.565625 0.564583333333 0.01875 0.0430555555556
0 0.477734375 0.536111111111 0.01484375 0.0333333333333
1 0.623828125 0.524305555556 0.01328125 0.0263888888889
1 0.763671875 0.550694444444 0.01484375 0.0375
2 0.315234375 0.675 0.07578125 0.252777777778
2 0.53515625 0.596527777778 0.0453125 0.168055555556
2 0.802734375 0.528472222222 0.01171875 0.0291666666667
1 0.08515625 0.509722222222 0.0078125 0.0222222222222
1 0.292578125 0.509027777778 0.00859375 0.0208333333333
1 0.44453125 0.511111111111 0.009375 0.0222222222222
0 0.05234375 0.522916666667 0.0125 0.0263888888889
0 0.22734375 0.520833333333 0.0109375 0.025
0 0.351953125 0.523611111111 0.01015625 0.0277777777778
2 0.82890625 0.515972222222 0.009375 0.0263888888889
