1 0.583984375 0.74375 0.05234375 0.1125
1 0.24296875 0.606944444444 0.0296875 0.0555555555556
1 0.199609375 0.545833333333 0.01796875 0.0333333333333
0 0.3171875 0.560416666667 0.01875 0.0375
0 0.481640625 0.530555555556 0.01171875 0.0277777777778
2 0.537890625 0.556944444444 0.01796875 0.0388888888889
2 0.558984375 0.598611111111 0.02109375 0.0555555555556
0 0.471484375 0.502777777778 0.00703125 0.0166666666667
0 0.505078125 0.5125 0.00859375 0.0222222222222
0 0.046875 0.497222222222 0.00625 0.0166666666667
1 0.309375 0.501388888889 0.0078125 0.0194444444444
1 0.3328125 0.527777777778 0.0109375 0.0277777777778
1 0.362890625 0.506944444444 0.00703125 0.0194444444444
1 0.371875 0.514583333333 0.0078125 0.0236111111111
1 0.1390625 0.501388888889 0.00625 0.0138888888889
1 0.041015625 0.501388888889 0.00703125 0.0166666666667
1 0.230078125 0.5 0.00703125 0.0166666666667
0 0.284375 0.494444444444 0.0046875 0.0138888888889
0 0.391015625 0.497222222222 0.00546875 0.0138888888889
