0 0.2953125 0.8 0.0625 0.127777777778
0 0.66015625 0.613194444444 0.028125 0.0597222222222
0 0.73046875 0.536111111111 0.015625 0.0333333333333
0 0.9484375 0.547916666667 0.01875 0.0375
1 0.62109375 0.559027777778 0.01875 0.0402777777778
1 0.434765625 0.529861111111 0.01328125 0.0291666666667
2 0.32578125 0.615277777778 0.0296875 0.0611111111111
2 0.383203125 0.5625 0.01640625 0.0444444444444
1 0.410546875 0.511805555556 0.00859375 0.0236111111111
1 0.46328125 0.496527777778 0.0078125 0.0180555555556
1 0.54921875 0.488194444444 0.00625 0.0152777777778
0 0.548046875 0.509722222222 0.00859375 0.0222222222222
0 0.565625 0.499305555556 0.0078125 0.0180555555556
0 0.589453125 0.520833333333 0.01171875 0.025
0 0.6203125 0.493055555556 0.00625 0.0166666666667
0 0.689453125 0.488194444444 0.00703125 0.0152777777778
0 0.771484375 0.486111111111 0.00703125 0.0166666666667
0 0.86640625 0.484722222222 0.00625 0.0138888888889
0 0.9734375 0.486111111111 0.0078125 0.0166666666667
