2 0.778125 0.702777777778 0.0734375 0.280555555556
2 0.17109375 0.559722222222 0.0171875 0.0361111111111
2 0.185546875 0.536111111111 0.01328125 0.0305555555556
2 0.362109375 0.527777777778 0.01171875 0.0277777777778
2 0.38671875 0.548611111111 0.0140625 0.0333333333333
0 0.444921875 0.577083333333 0.01953125 0.0430555555556
0 0.6453125 0.536111111111 0.0140625 0.0305555555556
1 0.1453125 0.595138888889 0.025 0.0486111111111
1 0.644140625 0.666666666667 0.02890625 0.0805555555556
1 0.677734375 0.585416666667 0.01953125 0.0486111111111
0 0.800390625 0.524305555556 0.01171875 0.0263888888889
1 0.929296875 0.542361111111 0.01328125 0.0347222222222
1 0.8078125 0.552777777778 0.015625 0.0361111111111
