0 0.4984375 0.698611111111 0.040625 0.0916666666667
0 0.812109375 0.5625 0.01953125 0.0416666666667
0 0.5703125 0.554861111111 0.0171875 0.0375
1 0.440625 0.596527777778 0.0265625 0.0541666666667
2 0.946875 0.528472222222 0.0359375 0.0986111111111
2 0.0984375 0.61875 0.0328125 0.0597222222222
1 0.17890625 0.529861111111 0.0109375 0.0319444444444
1 0.20078125 0.556944444444 0.0140625 0.0361111111111
1 0.254296875 0.508333333333 0.00859375 0.0222222222222
1 0.359375 0.495833333333 0.0078125 0.0166666666667
0 0.354296875 0.524305555556 0.01015625 0.0263888888889
0 0.376953125 0.509027777778 0.00703125 0.0208333333333
0 0.40390625 0.538194444444 0.0140625 0.0319444444444
0 0.439453125 0.499305555556 0.00703125 0.0180555555556
0 0.513671875 0.49375 0.00703125 0.0152777777778
0 0.59765625 0.489583333333 0.00625 0.0152777777778
0 0.690234375 0.488194444444 0.00703125 0.0152777777778
0 0.791015625 0.4875 0.00703125 0.0166666666667
0 0.91015625 0.490972222222 0.0078125 0.0180555555556
1 0.807421875 0.482638888889 0.00703125 0.0152777777778
1 0.461328125 0.489583333333 0.00703125 0.0152777777778
1 0.5671875 0.486111111111 0.00625 0.0138888888889
