2 0.374609375 0.610416666667 0.03046875 0.0597222222222
2 0.428125 0.560416666667 0.0171875 0.0402777777778
0 0.355859375 0.776388888889 0.06171875 0.119444444444
0 0.70234375 0.610416666667 0.03125 0.0597222222222
0 0.772265625 0.536111111111 0.01640625 0.0333333333333
1 0.662109375 0.557638888889 0.01953125 0.0402777777778
0 0.588671875 0.509722222222 0.00859375 0.0222222222222
0 0.60546875 0.499305555556 0.00625 0.0180555555556
0 0.63046875 0.520833333333 0.0109375 0.0277777777778
0 0.661328125 0.491666666667 0.00703125 0.0166666666667
0 0.73125 0.488888888889 0.00625 0.0138888888889
0 0.81484375 0.485416666667 0.00625 0.0152777777778
0 0.9125 0.485416666667 0.00625 0.0152777777778
1 0.453125 0.510416666667 0.009375 0.0236111111111
1 0.47734375 0.529166666667 0.0125 0.0277777777778
1 0.50390625 0.496527777778 0.0078125 0.0180555555556
0 0.993359375 0.547916666667 0.01328125 0.0375
