2 0.59609375 0.56875 0.021875 0.0430555555556
2 0.636328125 0.539583333333 0.01484375 0.0375
0 0.86171875 0.579861111111 0.025 0.0486111111111
0 0.59765625 0.644444444444 0.0359375 0.0666666666667
1 0.841796875 0.543055555556 0.01796875 0.0361111111111
0 0.957421875 0.529861111111 0.01640625 0.0319444444444
0 0.78359375 0.505555555556 0.00625 0.0194444444444
0 0.822265625 0.514583333333 0.01015625 0.0236111111111
0 0.803125 0.496527777778 0.00625 0.0180555555556
0 0.862890625 0.491666666667 0.00703125 0.0166666666667
1 0.65546875 0.503472222222 0.00625 0.0208333333333
1 0.677734375 0.51875 0.00859375 0.0236111111111
0 0.93984375 0.488888888889 0.0078125 0.0166666666667
