2 0.262890625 0.548611111111 0.02734375 0.113888888889
2 0.396484375 0.567361111111 0.03515625 0.1375
0 0.03359375 0.538194444444 0.0171875 0.0319444444444
0 0.190234375 0.510416666667 0.01015625 0.0236111111111
1 0.217578125 0.533333333333 0.01328125 0.0333333333333
1 0.200390625 0.560416666667 0.01796875 0.0458333333333
1 0.295703125 0.595833333333 0.02578125 0.05
1 0.59609375 0.628472222222 0.028125 0.0680555555556
1 0.984375 0.636111111111 0.03125 0.0722222222222
1 0.833203125 0.502777777778 0.00859375 0.0194444444444
1 0.9578125 0.509027777778 0.0125 0.0236111111111
1 0.308203125 0.514583333333 0.01015625 0.0236111111111
1 0.495703125 0.5 0.00859375 0.0194444444444
1 0.6078125 0.499305555556 0.0078125 0.0180555555556
1 0.723828125 0.498611111111 0.00703125 0.0194444444444
0 0.73125 0.492361111111 0.00625 0.0152777777778
0 0.87421875 0.497222222222 0.0078125 0.0166666666667
0 0.449609375 0.494444444444 0.00546875 0.0166666666667
0 0.590625 0.491666666667 0.0078125 0.0166666666667
