1 0.169921875 0.66875 0.03984375 0.0791666666667
0 0.191796875 0.916666666667 0.09140625 0.166666666667
0 0.3703125 0.588888888889 0.025 0.05
0 0.660546875 0.590277777778 0.02421875 0.0527777777778
0 0.901171875 0.573611111111 0.02578125 0.0472222222222
2 0.801953125 0.545833333333 0.03671875 0.108333333333
2 0.941015625 0.533333333333 0.02890625 0.1
0 0.987109375 0.553472222222 0.01953125 0.0375
1 0.12734375 0.507638888889 0.009375 0.0208333333333
1 0.779296875 0.490972222222 0.00703125 0.0180555555556
1 0.912890625 0.497222222222 0.00859375 0.0194444444444
1 0.630078125 0.486805555556 0.00703125 0.0152777777778
0 0.09921875 0.546527777778 0.0140625 0.0347222222222
0 0.14140625 0.525694444444 0.0125 0.0263888888889
0 0.155859375 0.567361111111 0.01796875 0.0430555555556
0 0.2265625 0.510416666667 0.009375 0.0236111111111
0 0.31875 0.502083333333 0.0078125 0.0208333333333
0 0.41328125 0.497222222222 0.00625 0.0166666666667
0 0.512890625 0.495138888889 0.00703125 0.0180555555556
0 0.615625 0.494444444444 0.00625 0.0166666666667
0 0.730859375 0.496527777778 0.00703125 0.0180555555556
0 0.828125 0.502083333333 0.0078125 0.0208333333333
