0 0.157421875 0.518055555556 0.01015625 0.025
0 0.01796875 0.544444444444 0.0171875 0.0333333333333
1 0.279296875 0.597222222222 0.02421875 0.0527777777778
1 0.557421875 0.688888888889 0.03984375 0.0888888888889
2 0.217578125 0.534027777778 0.01328125 0.0319444444444
2 0.244140625 0.552083333333 0.01484375 0.0375
0 0.13046875 0.498611111111 0.0078125 0.0166666666667
0 0.1703125 0.504861111111 0.009375 0.0180555555556
1 0.032421875 0.511111111111 0.00859375 0.0194444444444
1 0.014453125 0.50625 0.00703125 0.0180555555556
1 0.00390625 0.520833333333 0.00625 0.025
