2 0.630859375 0.6375 0.05859375 0.213888888889
2 0.451953125 0.58125 0.03828125 0.148611111111
2 0.13671875 0.51875 0.0109375 0.0263888888889
2 0.16796875 0.533333333333 0.0125 0.0305555555556
0 0.23046875 0.547916666667 0.0171875 0.0347222222222
0 0.397265625 0.517361111111 0.01171875 0.0263888888889
1 0.41640625 0.547916666667 0.0140625 0.0375
1 0.385546875 0.589583333333 0.01953125 0.0513888888889
1 0.490234375 0.655555555556 0.03359375 0.075
1 0.8734375 0.511805555556 0.0109375 0.0236111111111
1 0.73203125 0.5125 0.009375 0.0222222222222
1 0.6109375 0.515972222222 0.0109375 0.0236111111111
1 0.51953125 0.525694444444 0.0140625 0.0263888888889
0 0.675390625 0.503472222222 0.00859375 0.0180555555556
0 0.845703125 0.502083333333 0.00859375 0.0208333333333
0 0.52421875 0.507638888889 0.0078125 0.0208333333333
