1 0.180078125 0.557638888889 0.01953125 0.0375
1 0.419140625 0.597222222222 0.02265625 0.0527777777778
0 0.791015625 0.563888888889 0.01796875 0.0416666666667
0 0.551171875 0.55625 0.01796875 0.0402777777778
0 0.47109375 0.697222222222 0.0421875 0.0888888888889
0 0.385546875 0.539583333333 0.01484375 0.0319444444444
2 0.925 0.529861111111 0.0296875 0.0986111111111
2 0.071875 0.620138888889 0.03125 0.0625
0 0.337109375 0.523611111111 0.01171875 0.025
0 0.36015625 0.509027777778 0.0078125 0.0208333333333
0 0.42421875 0.5 0.0078125 0.0194444444444
0 0.498828125 0.492361111111 0.00546875 0.0152777777778
0 0.5828125 0.490277777778 0.00625 0.0166666666667
0 0.675 0.488888888889 0.00625 0.0166666666667
0 0.892578125 0.491666666667 0.00703125 0.0166666666667
0 0.774609375 0.488888888889 0.00703125 0.0166666666667
1 0.159765625 0.530555555556 0.01171875 0.0277777777778
1 0.2375 0.509027777778 0.0078125 0.0208333333333
1 0.343359375 0.496527777778 0.00859375 0.0180555555556
1 0.791015625 0.483333333333 0.00703125 0.0138888888889
1 0.446875 0.489583333333 0.00625 0.0152777777778
