1 0.923828125 0.516666666667 0.01328125 0.025
0 0.85390625 0.539583333333 0.0140625 0.0319444444444
0 0.855078125 0.567361111111 0.01796875 0.0430555555556
0 0.776953125 0.597222222222 0.02578125 0.0527777777778
0 0.50390625 0.633333333333 0.0265625 0.0666666666667
0 0.103515625 0.645833333333 0.03828125 0.0694444444444
2 0.670703125 0.569444444444 0.04140625 0.138888888889
2 0.812109375 0.547916666667 0.03359375 0.115277777778
1 0.624609375 0.495833333333 0.00703125 0.0166666666667
1 0.7546875 0.501388888889 0.0078125 0.0194444444444
1 0.024609375 0.508333333333 0.00859375 0.0222222222222
1 0.184765625 0.5 0.00703125 0.0194444444444
1 0.33203125 0.494444444444 0.00625 0.0166666666667
1 0.4703125 0.493055555556 0.00625 0.0166666666667
0 0.1 0.513888888889 0.0109375 0.0222222222222
0 0.221875 0.50625 0.009375 0.0208333333333
0 0.340234375 0.501388888889 0.00703125 0.0194444444444
0 0.45390625 0.5 0.0078125 0.0194444444444
0 0.576171875 0.502777777778 0.00859375 0.0194444444444
0 0.782421875 0.51875 0.01171875 0.0263888888889
