1 0.667578125 0.558333333333 0.01796875 0.0388888888889
1 0.4890625 0.530555555556 0.0125 0.0277777777778
0 0.382421875 0.745833333333 0.04921875 0.105555555556
0 0.703125 0.606944444444 0.028125 0.0555555555556
0 0.775390625 0.538194444444 0.01640625 0.0319444444444
0 0.991015625 0.548611111111 0.01796875 0.0388888888889
2 0.3921875 0.605555555556 0.025 0.0555555555556
2 0.4421875 0.560416666667 0.0171875 0.0402777777778
1 0.464453125 0.513888888889 0.00859375 0.0222222222222
1 0.515234375 0.500694444444 0.00546875 0.0180555555556
1 0.598828125 0.493055555556 0.00703125 0.0166666666667
0 0.5984375 0.511805555556 0.009375 0.0236111111111
0 0.615234375 0.502083333333 0.00859375 0.0208333333333
0 0.637890625 0.523611111111 0.01171875 0.025
0 0.66953125 0.495833333333 0.0078125 0.0166666666667
0 0.738671875 0.491666666667 0.00703125 0.0166666666667
0 0.821875 0.488888888889 0.00625 0.0138888888889
0 0.91953125 0.489583333333 0.00625 0.0152777777778
1 0.68984375 0.4875 0.00625 0.0138888888889
1 0.79296875 0.486111111111 0.00625 0.0138888888889
