2 0.908984375 0.530555555556 0.03359375 0.1
2 0.02578125 0.626388888889 0.034375 0.0638888888889
0 0.446875 0.7125 0.0453125 0.0944444444444
0 0.532421875 0.557638888889 0.01796875 0.0402777777778
0 0.77578125 0.564583333333 0.0203125 0.0458333333333
1 0.3953125 0.601388888889 0.025 0.0555555555556
1 0.14609375 0.561111111111 0.01875 0.0388888888889
1 0.127734375 0.531944444444 0.01171875 0.0305555555556
1 0.2109375 0.509027777778 0.0109375 0.0208333333333
1 0.3203125 0.495833333333 0.0078125 0.0166666666667
1 0.772265625 0.481944444444 0.00546875 0.0138888888889
0 0.312109375 0.525 0.01015625 0.0277777777778
0 0.337109375 0.509722222222 0.01015625 0.0222222222222
0 0.3609375 0.540277777778 0.0140625 0.0333333333333
0 0.40234375 0.499305555556 0.00625 0.0180555555556
0 0.478125 0.493055555556 0.0078125 0.0194444444444
0 0.56328125 0.490277777778 0.0078125 0.0166666666667
0 0.655859375 0.4875 0.00703125 0.0138888888889
0 0.75546875 0.486111111111 0.00625 0.0194444444444
0 0.872265625 0.490972222222 0.00703125 0.0180555555556
0 0.973046875 0.495833333333 0.01015625 0.0222222222222
1 0.425390625 0.488888888889 0.00703125 0.0166666666667
1 0.532421875 0.484027777778 0.00703125 0.0180555555556
