1 0.93046875 0.7625 0.05 0.116666666667
1 0.456640625 0.647222222222 0.03515625 0.0694444444444
1 0.358203125 0.584027777778 0.01796875 0.0486111111111
1 0.390625 0.545138888889 0.0140625 0.0347222222222
0 0.204296875 0.547222222222 0.01796875 0.0333333333333
2 0.590234375 0.625694444444 0.06328125 0.195833333333
2 0.42265625 0.575694444444 0.0453125 0.143055555556
2 0.141796875 0.529861111111 0.01328125 0.0291666666667
1 0.994921875 0.5125 0.01015625 0.025
1 0.58203125 0.514583333333 0.0109375 0.0236111111111
1 0.701953125 0.509722222222 0.01015625 0.0222222222222
1 0.839453125 0.509722222222 0.01015625 0.0222222222222
1 0.492578125 0.522916666667 0.01328125 0.0291666666667
0 0.372265625 0.515972222222 0.01015625 0.0236111111111
0 0.49921875 0.505555555556 0.0078125 0.0222222222222
0 0.64765625 0.501388888889 0.0078125 0.0194444444444
0 0.81328125 0.5 0.0078125 0.0194444444444
2 0.109765625 0.515972222222 0.01015625 0.0236111111111
