2 0.548046875 0.616666666667 0.05390625 0.180555555556
2 0.70859375 0.572916666667 0.0390625 0.1375
0 0.3125 0.727777777778 0.04375 0.1
0 0.67578125 0.639583333333 0.0328125 0.0680555555556
0 0.748046875 0.590277777778 0.02109375 0.05
0 0.73046875 0.552777777778 0.015625 0.0388888888889
1 0.926171875 0.547222222222 0.01484375 0.0388888888889
2 0.97109375 0.529861111111 0.0140625 0.0291666666667
0 0.1375 0.514583333333 0.009375 0.0236111111111
0 0.278515625 0.510416666667 0.00859375 0.0236111111111
0 0.419921875 0.511111111111 0.00859375 0.0222222222222
0 0.529296875 0.515972222222 0.00859375 0.0236111111111
0 0.646484375 0.528472222222 0.01171875 0.0291666666667
1 0.7859375 0.522916666667 0.0125 0.0263888888889
1 0.47265625 0.502777777778 0.0078125 0.0194444444444
1 0.6109375 0.508333333333 0.0109375 0.0222222222222
1 0.298828125 0.501388888889 0.00703125 0.0194444444444
1 0.13046875 0.50625 0.0078125 0.0208333333333
