1 0.899609375 0.695138888889 0.04765625 0.0902777777778
1 0.68046875 0.596527777778 0.0203125 0.0541666666667
1 0.75390625 0.53125 0.0125 0.0291666666667
1 0.444140625 0.523611111111 0.01171875 0.0277777777778
0 0.198828125 0.688888888889 0.04140625 0.0833333333333
0 0.373828125 0.597916666667 0.02109375 0.0541666666667
0 0.614453125 0.524305555556 0.01015625 0.0263888888889
2 0.739453125 0.582638888889 0.03984375 0.145833333333
2 0.691015625 0.547222222222 0.02265625 0.108333333333
2 0.306640625 0.58125 0.04140625 0.143055555556
2 0.3625 0.545138888889 0.025 0.109722222222
1 0.11875 0.509722222222 0.0109375 0.025
1 0.887109375 0.521527777778 0.01484375 0.0263888888889
0 0.929296875 0.508333333333 0.01171875 0.0222222222222
0 0.7828125 0.510416666667 0.009375 0.0236111111111
0 0.038671875 0.521527777778 0.01171875 0.0291666666667
0 0.199609375 0.524305555556 0.01171875 0.0291666666667
2 0.455859375 0.510416666667 0.00859375 0.0236111111111
2 0.5890625 0.510416666667 0.009375 0.0236111111111
