2 0.5828125 0.5875 0.046875 0.158333333333
2 0.73359375 0.556944444444 0.0375 0.122222222222
0 0.387890625 0.670138888889 0.03515625 0.0819444444444
0 0.69765625 0.613194444444 0.0296875 0.0597222222222
0 0.7734375 0.576388888889 0.01875 0.0472222222222
0 0.767578125 0.543055555556 0.01640625 0.0361111111111
1 0.959765625 0.539583333333 0.01484375 0.0347222222222
0 0.084765625 0.513888888889 0.01171875 0.0222222222222
0 0.223046875 0.507638888889 0.00859375 0.0208333333333
0 0.349609375 0.505555555556 0.00859375 0.0194444444444
0 0.479296875 0.50625 0.00859375 0.0208333333333
0 0.6921875 0.522222222222 0.0125 0.0277777777778
1 0.66171875 0.503472222222 0.0078125 0.0208333333333
1 0.829296875 0.517361111111 0.01171875 0.0263888888889
1 0.04296875 0.507638888889 0.009375 0.0208333333333
1 0.215234375 0.5 0.00703125 0.0194444444444
1 0.36796875 0.497222222222 0.00625 0.0166666666667
1 0.529296875 0.497916666667 0.00703125 0.0180555555556
