2 0.208203125 0.653472222222 0.04140625 0.0708333333333
2 0.292578125 0.58125 0.02421875 0.0486111111111
1 0.563671875 0.573611111111 0.02265625 0.0472222222222
0 0.613671875 0.641666666667 0.03515625 0.0694444444444
0 0.678125 0.54375 0.015625 0.0347222222222
0 0.90703125 0.554861111111 0.0171875 0.0402777777778
1 0.332421875 0.516666666667 0.01015625 0.025
1 0.35703125 0.538194444444 0.015625 0.0319444444444
1 0.3921875 0.5 0.0078125 0.0194444444444
1 0.4828125 0.490277777778 0.00625 0.0166666666667
0 0.482421875 0.513888888889 0.00859375 0.025
0 0.50078125 0.502083333333 0.0078125 0.0208333333333
0 0.526953125 0.527083333333 0.01171875 0.0291666666667
0 0.557421875 0.495138888889 0.00703125 0.0180555555556
0 0.628125 0.490277777778 0.00625 0.0166666666667
0 0.908984375 0.4875 0.00703125 0.0166666666667
0 0.804296875 0.486805555556 0.00546875 0.0152777777778
0 0.709765625 0.4875 0.00703125 0.0166666666667
