1 0.81796875 0.549305555556 0.015625 0.0375
0 0.0546875 0.864583333333 0.071875 0.151388888889
0 0.569140625 0.678472222222 0.03984375 0.0847222222222
0 0.6453125 0.607638888889 0.021875 0.0569444444444
0 0.622265625 0.561805555556 0.01796875 0.0402777777778
2 0.41015625 0.665972222222 0.06875 0.2375
2 0.604296875 0.593055555556 0.04296875 0.161111111111
2 0.855078125 0.528472222222 0.01328125 0.0291666666667
2 0.88046875 0.515972222222 0.0109375 0.0263888888889
0 0.118359375 0.51875 0.01015625 0.0263888888889
0 0.283984375 0.51875 0.01015625 0.0236111111111
0 0.405078125 0.522222222222 0.01015625 0.025
0 0.53125 0.534722222222 0.0125 0.0305555555556
1 0.67421875 0.524305555556 0.0109375 0.0291666666667
1 0.344921875 0.507638888889 0.00859375 0.0208333333333
1 0.49375 0.511111111111 0.0078125 0.0222222222222
1 0.146875 0.508333333333 0.009375 0.0194444444444
