2 0.54609375 0.552777777778 0.015625 0.0388888888889
2 0.573046875 0.589583333333 0.01953125 0.0513888888889
1 0.215234375 0.54375 0.01484375 0.0319444444444
1 0.27734375 0.598611111111 0.0265625 0.0527777777778
1 0.6203125 0.708333333333 0.04375 0.0944444444444
0 0.334375 0.556944444444 0.0171875 0.0361111111111
0 0.486328125 0.528472222222 0.01015625 0.0291666666667
0 0.387890625 0.495138888889 0.00703125 0.0152777777778
0 0.469921875 0.501388888889 0.00859375 0.0166666666667
0 0.504296875 0.510416666667 0.01015625 0.0208333333333
0 0.046484375 0.497916666667 0.00546875 0.0152777777778
0 0.172265625 0.495138888889 0.00546875 0.0152777777778
1 0.041015625 0.503472222222 0.00703125 0.0152777777778
1 0.139453125 0.501388888889 0.00859375 0.0166666666667
1 0.230078125 0.500694444444 0.00703125 0.0152777777778
1 0.309765625 0.501388888889 0.00703125 0.0166666666667
1 0.34140625 0.526388888889 0.0109375 0.025
1 0.363671875 0.506944444444 0.00703125 0.0194444444444
1 0.374609375 0.513888888889 0.00859375 0.0222222222222
