2 0.5046875 0.596527777778 0.040625 0.165277777778
2 0.714453125 0.665972222222 0.06171875 0.240277777778
0 0.275 0.553472222222 0.0171875 0.0375
0 0.447265625 0.521527777778 0.01328125 0.0263888888889
1 0.546484375 0.682638888889 0.03671875 0.0875
1 0.433203125 0.6 0.01953125 0.0555555555556
1 0.4671875 0.553472222222 0.015625 0.0402777777778
1 0.573046875 0.529861111111 0.01328125 0.0291666666667
2 0.1859375 0.520138888889 0.009375 0.0263888888889
2 0.215625 0.536111111111 0.0125 0.0305555555556
1 0.952734375 0.518055555556 0.01171875 0.025
1 0.798828125 0.517361111111 0.01015625 0.0236111111111
1 0.668359375 0.521527777778 0.01171875 0.0263888888889
0 0.91953125 0.507638888889 0.009375 0.0208333333333
0 0.7359375 0.507638888889 0.0078125 0.0208333333333
