2 0.208984375 0.640277777778 0.06484375 0.211111111111
2 0.30859375 0.574305555556 0.0390625 0.1375
2 0.808203125 0.629861111111 0.06953125 0.201388888889
2 0.719921875 0.570138888889 0.03671875 0.143055555556
0 0.312890625 0.64375 0.03203125 0.0708333333333
0 0.259765625 0.55625 0.01953125 0.0375
0 0.324609375 0.586805555556 0.01640625 0.0513888888889
0 0.613671875 0.532638888889 0.01484375 0.0291666666667
0 0.134765625 0.538194444444 0.01640625 0.0319444444444
1 0.71640625 0.640277777778 0.03125 0.0666666666667
1 0.6984375 0.575 0.0171875 0.0472222222222
1 0.777734375 0.543055555556 0.01640625 0.0333333333333
1 0.921484375 0.527777777778 0.01484375 0.0305555555556
1 0.41953125 0.533333333333 0.015625 0.0305555555556
0 0.957421875 0.509722222222 0.01171875 0.025
0 0.797265625 0.513888888889 0.01015625 0.025
1 0.0546875 0.518055555556 0.0125 0.025
1 0.275390625 0.520833333333 0.01171875 0.0277777777778
2 0.57265625 0.503472222222 0.0078125 0.0208333333333
2 0.58359375 0.515972222222 0.009375 0.0263888888889
2 0.435546875 0.515972222222 0.01171875 0.0263888888889
2 0.444921875 0.505555555556 0.00859375 0.0222222222222
