2 0.616796875 0.517361111111 0.02265625 0.0819444444444
2 0.6 0.504861111111 0.0171875 0.0680555555556
2 0.36953125 0.51875 0.0203125 0.0819444444444
2 0.390625 0.503472222222 0.0171875 0.0680555555556
0 0.762890625 0.670138888889 0.04140625 0.0791666666667
0 0.329296875 0.561805555556 0.02265625 0.0402777777778
0 0.10078125 0.603472222222 0.0296875 0.0541666666667
0 0.401171875 0.531944444444 0.01328125 0.0333333333333
1 0.284375 0.665972222222 0.040625 0.0791666666667
1 0.91015625 0.602777777778 0.0265625 0.0583333333333
1 0.676171875 0.5625 0.01953125 0.0416666666667
1 0.589453125 0.532638888889 0.01171875 0.0319444444444
0 0.25078125 0.498611111111 0.009375 0.0222222222222
0 0.34140625 0.50625 0.0109375 0.0236111111111
0 0.5625 0.498611111111 0.0078125 0.0222222222222
1 0.434375 0.497916666667 0.009375 0.0208333333333
1 0.66015625 0.503472222222 0.009375 0.0236111111111
0 0.123828125 0.495833333333 0.01015625 0.0222222222222
