2 0.94453125 0.527083333333 0.028125 0.0986111111111
2 0.126171875 0.607638888889 0.02890625 0.0569444444444
0 0.500390625 0.680555555556 0.03828125 0.0861111111111
0 0.81171875 0.559722222222 0.0171875 0.0416666666667
0 0.5765625 0.552083333333 0.01875 0.0375
0 0.415234375 0.535416666667 0.01484375 0.0291666666667
1 0.449609375 0.588888888889 0.02265625 0.05
1 0.220703125 0.551388888889 0.01640625 0.0361111111111
1 0.199609375 0.525694444444 0.01328125 0.0263888888889
1 0.271484375 0.506944444444 0.00859375 0.0194444444444
1 0.373046875 0.494444444444 0.00859375 0.0194444444444
0 0.368359375 0.520833333333 0.01171875 0.025
0 0.389453125 0.507638888889 0.00703125 0.0208333333333
0 0.4515625 0.499305555556 0.0078125 0.0180555555556
0 0.525 0.492361111111 0.00625 0.0180555555556
0 0.6078125 0.488888888889 0.00625 0.0138888888889
0 0.699609375 0.486805555556 0.00546875 0.0152777777778
0 0.800390625 0.488194444444 0.00546875 0.0152777777778
0 0.91875 0.490972222222 0.00625 0.0180555555556
1 0.4734375 0.488888888889 0.0046875 0.0138888888889
