1 0.70625 0.670833333333 0.0328125 0.0805555555556
1 0.266796875 0.572916666667 0.01796875 0.0430555555556
1 0.290234375 0.540972222222 0.01484375 0.0347222222222
1 0.3625 0.614583333333 0.0296875 0.0597222222222
0 0.108203125 0.545833333333 0.01640625 0.0333333333333
0 0.267578125 0.516666666667 0.01015625 0.0222222222222
2 0.33046875 0.561111111111 0.028125 0.122222222222
2 0.47265625 0.590972222222 0.0390625 0.156944444444
2 0.037109375 0.532638888889 0.01171875 0.0291666666667
0 0.389453125 0.506944444444 0.00703125 0.0194444444444
0 0.529296875 0.501388888889 0.00703125 0.0166666666667
0 0.994140625 0.506944444444 0.00703125 0.0194444444444
0 0.83046875 0.502083333333 0.0078125 0.0180555555556
0 0.6765625 0.5 0.00625 0.0166666666667
1 0.950390625 0.514583333333 0.01171875 0.0236111111111
1 0.824609375 0.509027777778 0.00859375 0.0208333333333
1 0.578125 0.509027777778 0.009375 0.0208333333333
1 0.696484375 0.506944444444 0.00859375 0.0194444444444
1 0.38515625 0.522222222222 0.0109375 0.0222222222222
