2 0.348046875 0.547222222222 0.02734375 0.108333333333
2 0.38125 0.525 0.0171875 0.0861111111111
2 0.676953125 0.54375 0.02890625 0.109722222222
2 0.6484375 0.521527777778 0.0171875 0.0875
1 0.06328125 0.919444444444 0.0890625 0.161111111111
1 0.77265625 0.616666666667 0.0265625 0.0611111111111
1 0.63515625 0.560416666667 0.0125 0.0402777777778
1 0.712890625 0.517361111111 0.01171875 0.0291666666667
1 0.44453125 0.511111111111 0.0109375 0.025
0 0.28359375 0.615277777778 0.03125 0.0583333333333
0 0.3953125 0.561111111111 0.0140625 0.0416666666667
0 0.593359375 0.510416666667 0.00859375 0.0236111111111
1 0.83046875 0.507638888889 0.0109375 0.0236111111111
1 0.9390625 0.506944444444 0.0109375 0.025
0 0.086328125 0.511111111111 0.01171875 0.025
0 0.23125 0.5125 0.0125 0.0222222222222
0 0.33203125 0.522916666667 0.0125 0.0263888888889
2 0.453515625 0.5 0.00703125 0.0222222222222
2 0.5734375 0.5 0.009375 0.0222222222222
