0 0.71796875 0.607638888889 0.028125 0.0597222222222
0 0.790625 0.5375 0.0171875 0.0333333333333
0 0.3890625 0.75625 0.0546875 0.109722222222
1 0.680078125 0.558333333333 0.01796875 0.0388888888889
2 0.400390625 0.60625 0.03046875 0.0569444444444
2 0.45234375 0.559722222222 0.0171875 0.0416666666667
1 0.47421875 0.5125 0.0078125 0.0222222222222
1 0.499609375 0.529861111111 0.01015625 0.0291666666667
1 0.525390625 0.498611111111 0.00703125 0.0194444444444
1 0.7015625 0.486805555556 0.00625 0.0125
1 0.80546875 0.484027777778 0.00625 0.0125
0 0.608984375 0.511111111111 0.00859375 0.0222222222222
0 0.62578125 0.502083333333 0.00625 0.0180555555556
0 0.649609375 0.522916666667 0.01015625 0.0263888888889
0 0.68125 0.494444444444 0.00625 0.0166666666667
0 0.75078125 0.490972222222 0.00625 0.0152777777778
0 0.834765625 0.488888888889 0.00546875 0.0166666666667
