1 0.673828125 0.789583333333 0.06015625 0.131944444444
1 0.259765625 0.546527777778 0.01640625 0.0347222222222
1 0.296875 0.615277777778 0.0265625 0.0583333333333
1 0.032421875 0.5625 0.01796875 0.0388888888889
1 0.39296875 0.528472222222 0.0140625 0.0263888888889
0 0.376171875 0.565277777778 0.02109375 0.0416666666667
0 0.544921875 0.532638888889 0.01328125 0.0291666666667
2 0.605078125 0.563194444444 0.01953125 0.0430555555556
2 0.63046875 0.610416666667 0.025 0.0597222222222
1 0.293359375 0.498611111111 0.00703125 0.0166666666667
1 0.370703125 0.500694444444 0.00703125 0.0180555555556
1 0.4234375 0.506944444444 0.0078125 0.0194444444444
1 0.432421875 0.515277777778 0.00859375 0.0222222222222
1 0.1125 0.500694444444 0.0078125 0.0152777777778
1 0.206640625 0.5 0.00703125 0.0166666666667
0 0.4515625 0.495138888889 0.00625 0.0152777777778
0 0.533984375 0.502777777778 0.00703125 0.0194444444444
0 0.569140625 0.513194444444 0.00859375 0.0236111111111
0 0.11953125 0.496527777778 0.00625 0.0152777777778
