0 0.10234375 0.547916666667 0.0171875 0.0319444444444
1 0.289453125 0.543055555556 0.01328125 0.0333333333333
1 0.2625 0.576388888889 0.0171875 0.0444444444444
1 0.3578125 0.622916666667 0.028125 0.0625
1 0.720703125 0.681944444444 0.03359375 0.0833333333333
2 0.324609375 0.565972222222 0.03828125 0.126388888889
2 0.4703125 0.595138888889 0.0484375 0.159722222222
2 0.033203125 0.534027777778 0.01328125 0.0291666666667
0 0.26875 0.518055555556 0.009375 0.0222222222222
0 0.39296875 0.507638888889 0.0078125 0.0180555555556
0 0.53515625 0.500694444444 0.00625 0.0180555555556
0 0.68515625 0.499305555556 0.00625 0.0180555555556
0 0.842578125 0.5 0.00703125 0.0194444444444
1 0.705078125 0.50625 0.00859375 0.0208333333333
1 0.835546875 0.507638888889 0.01015625 0.0208333333333
1 0.966015625 0.513194444444 0.01171875 0.0263888888889
1 0.3875 0.522916666667 0.0109375 0.0236111111111
1 0.584765625 0.508333333333 0.01015625 0.0194444444444
