2 0.328125 0.563194444444 0.0171875 0.0375
2 0.346484375 0.536805555556 0.01171875 0.0291666666667
2 0.526171875 0.534722222222 0.01171875 0.0277777777778
2 0.55234375 0.558333333333 0.0140625 0.0361111111111
0 0.621484375 0.6 0.02421875 0.0527777777778
0 0.85390625 0.550694444444 0.01875 0.0375
1 0.92578125 0.626388888889 0.028125 0.0638888888889
1 0.93125 0.765277777778 0.053125 0.119444444444
1 0.06015625 0.580555555556 0.021875 0.0444444444444
1 0.292578125 0.607638888889 0.02578125 0.0569444444444
