1 0.7859375 0.727083333333 0.0515625 0.101388888889
1 0.7296875 0.611111111111 0.0234375 0.0583333333333
1 0.9671875 0.545138888889 0.0203125 0.0347222222222
1 0.809375 0.563194444444 0.01875 0.0430555555556
1 0.3875 0.55 0.015625 0.0388888888889
0 0.2046875 0.738194444444 0.053125 0.101388888889
0 0.24765625 0.633333333333 0.0296875 0.0666666666667
0 0.187109375 0.58125 0.02734375 0.0458333333333
0 0.048828125 0.557638888889 0.02421875 0.0402777777778
0 0.614453125 0.549305555556 0.01796875 0.0375
2 0.95390625 0.751388888889 0.0921875 0.341666666667
2 0.775390625 0.616666666667 0.05703125 0.186111111111
2 0.216796875 0.622916666667 0.05703125 0.190277777778
0 0.817578125 0.525 0.01328125 0.0277777777778
0 0.99296875 0.522222222222 0.0125 0.0277777777778
2 0.409375 0.528472222222 0.0125 0.0291666666667
2 0.42265625 0.513888888889 0.009375 0.0222222222222
2 0.5640625 0.511111111111 0.009375 0.025
2 0.578125 0.526388888889 0.009375 0.0305555555556
