2 0.233984375 0.621527777778 0.05546875 0.190277777778
2 0.321875 0.56875 0.0375 0.131944444444
2 0.792578125 0.621527777778 0.05234375 0.190277777778
2 0.71328125 0.565277777778 0.034375 0.133333333333
0 0.0484375 0.795138888889 0.075 0.129166666667
0 0.32890625 0.631944444444 0.028125 0.0666666666667
0 0.6140625 0.530555555556 0.0140625 0.0305555555556
0 0.27109375 0.552083333333 0.0171875 0.0375
1 0.708203125 0.630555555556 0.02890625 0.0611111111111
1 0.693359375 0.571527777778 0.01640625 0.0458333333333
1 0.425390625 0.53125 0.01328125 0.0319444444444
1 0.773046875 0.540972222222 0.01484375 0.0347222222222
1 0.915625 0.528472222222 0.015625 0.0291666666667
0 0.149609375 0.536111111111 0.01640625 0.0305555555556
1 0.06953125 0.516666666667 0.0125 0.025
1 0.284375 0.51875 0.009375 0.0263888888889
0 0.796484375 0.514583333333 0.01171875 0.0236111111111
2 0.43984375 0.515277777778 0.009375 0.025
2 0.450390625 0.503472222222 0.00859375 0.0208333333333
2 0.575 0.502083333333 0.009375 0.0208333333333
2 0.585546875 0.513194444444 0.01015625 0.0236111111111
