0 0.119921875 0.551388888889 0.02109375 0.0361111111111
0 0.276953125 0.520833333333 0.01171875 0.0277777777778
1 0.803125 0.904166666667 0.06875 0.166666666667
1 0.366015625 0.645138888889 0.03671875 0.0736111111111
1 0.0640625 0.586111111111 0.028125 0.05
2 0.330078125 0.540972222222 0.01640625 0.0347222222222
2 0.34921875 0.56875 0.01875 0.0458333333333
1 0.12421875 0.522222222222 0.0109375 0.025
0 0.262890625 0.497916666667 0.00703125 0.0180555555556
0 0.297265625 0.50625 0.00859375 0.0208333333333
0 0.05546875 0.495138888889 0.00625 0.0152777777778
0 0.17578125 0.494444444444 0.0078125 0.0166666666667
1 0.08828125 0.501388888889 0.009375 0.0166666666667
1 0.149609375 0.504861111111 0.00859375 0.0180555555556
1 0.16171875 0.511805555556 0.009375 0.0208333333333
