2 0.299609375 0.552777777778 0.03203125 0.119444444444
2 0.436328125 0.575 0.03828125 0.144444444444
0 0.075390625 0.538888888889 0.01796875 0.0333333333333
0 0.23359375 0.510416666667 0.0125 0.0236111111111
1 0.258203125 0.534027777778 0.01328125 0.0319444444444
1 0.2375 0.563194444444 0.0171875 0.0402777777778
1 0.33203125 0.602777777778 0.0234375 0.0555555555556
1 0.65390625 0.646527777778 0.0296875 0.0736111111111
1 0.8953125 0.505555555556 0.009375 0.0222222222222
1 0.777734375 0.501388888889 0.00859375 0.0194444444444
1 0.540234375 0.502777777778 0.00859375 0.0194444444444
1 0.65625 0.500694444444 0.0078125 0.0208333333333
1 0.350390625 0.515972222222 0.01015625 0.0236111111111
0 0.9375 0.499305555556 0.0078125 0.0180555555556
0 0.49296875 0.495833333333 0.00625 0.0166666666667
0 0.63671875 0.494444444444 0.0078125 0.0166666666667
