0 0.080859375 0.85625 0.08046875 0.148611111111
0 0.184765625 0.679166666667 0.03671875 0.0833333333333
0 0.619140625 0.563888888889 0.01796875 0.0388888888889
1 0.8765625 0.829861111111 0.0765625 0.140277777778
1 0.7640625 0.644444444444 0.028125 0.0694444444444
1 0.36796875 0.565972222222 0.0171875 0.0402777777778
1 0.190625 0.546527777778 0.0171875 0.0347222222222
2 0.832421875 0.665972222222 0.07109375 0.240277777778
2 0.13046875 0.679166666667 0.084375 0.247222222222
2 0.394921875 0.539583333333 0.01484375 0.0319444444444
2 0.410546875 0.521527777778 0.01015625 0.0263888888889
2 0.5609375 0.519444444444 0.0109375 0.025
2 0.576953125 0.536805555556 0.01171875 0.0319444444444
