2 0.44453125 0.627083333333 0.0578125 0.198611111111
2 0.620703125 0.575694444444 0.03984375 0.145833333333
2 0.88515625 0.527777777778 0.0109375 0.0277777777778
2 0.916015625 0.515277777778 0.01015625 0.025
1 0.841796875 0.545138888889 0.01328125 0.0347222222222
1 0.708203125 0.521527777778 0.01171875 0.0263888888889
0 0.16328125 0.76875 0.0515625 0.120833333333
0 0.58359375 0.649305555556 0.0328125 0.0763888888889
0 0.66328125 0.595138888889 0.01875 0.0541666666667
0 0.650390625 0.554166666667 0.01640625 0.0388888888889
0 0.569140625 0.529861111111 0.01328125 0.0291666666667
0 0.03125 0.51875 0.0109375 0.0236111111111
0 0.187109375 0.513888888889 0.01015625 0.025
0 0.338671875 0.513888888889 0.01015625 0.0222222222222
0 0.451171875 0.516666666667 0.00859375 0.025
1 0.21171875 0.504166666667 0.00625 0.0194444444444
1 0.394921875 0.504166666667 0.00859375 0.0194444444444
1 0.5359375 0.508333333333 0.009375 0.0222222222222
