2 0.472265625 0.589583333333 0.04296875 0.156944444444
2 0.659765625 0.648611111111 0.06484375 0.222222222222
2 0.16015625 0.51875 0.0109375 0.0236111111111
2 0.18984375 0.532638888889 0.0125 0.0291666666667
1 0.437890625 0.550694444444 0.01328125 0.0375
1 0.402734375 0.593055555556 0.01953125 0.0527777777778
1 0.507421875 0.670833333333 0.03359375 0.0777777777778
0 0.25 0.550694444444 0.0171875 0.0347222222222
1 0.91015625 0.513194444444 0.0109375 0.0236111111111
1 0.7625 0.513888888889 0.0109375 0.025
1 0.543359375 0.527083333333 0.01484375 0.0291666666667
1 0.636328125 0.51875 0.01171875 0.0263888888889
0 0.41953125 0.518055555556 0.0125 0.025
0 0.5484375 0.509722222222 0.009375 0.0194444444444
0 0.879296875 0.504861111111 0.00859375 0.0208333333333
0 0.703515625 0.504861111111 0.00859375 0.0208333333333
