1 0.73984375 0.779861111111 0.0609375 0.120833333333
1 0.05703125 0.563194444444 0.0171875 0.0375
1 0.2796875 0.545833333333 0.0171875 0.0333333333333
1 0.334375 0.6125 0.028125 0.0555555555556
1 0.408203125 0.528472222222 0.01171875 0.0263888888889
0 0.39921875 0.563888888889 0.0203125 0.0388888888889
0 0.559765625 0.532638888889 0.01328125 0.0291666666667
2 0.626171875 0.561111111111 0.01953125 0.0416666666667
2 0.6625 0.60625 0.0265625 0.0597222222222
0 0.458203125 0.495833333333 0.00703125 0.0166666666667
0 0.541796875 0.502083333333 0.00859375 0.0180555555556
0 0.57890625 0.5125 0.009375 0.0194444444444
0 0.125390625 0.496527777778 0.00546875 0.0152777777778
1 0.44375 0.514583333333 0.009375 0.0236111111111
1 0.433203125 0.507638888889 0.00703125 0.0208333333333
1 0.37890625 0.502083333333 0.0078125 0.0180555555556
1 0.30078125 0.5 0.00625 0.0166666666667
1 0.1203125 0.502083333333 0.00625 0.0152777777778
1 0.2140625 0.500694444444 0.00625 0.0152777777778
0 0.245703125 0.495138888889 0.00546875 0.0125
