2 0.210546875 0.738888888889 0.09609375 0.308333333333
2 0.5765625 0.549305555556 0.0140625 0.0347222222222
2 0.78515625 0.554166666667 0.0140625 0.0388888888889
0 0.84140625 0.590277777778 0.0234375 0.0472222222222
0 0.31015625 0.720833333333 0.0375 0.0944444444444
0 0.291796875 0.61875 0.02578125 0.0597222222222
0 0.17265625 0.576388888889 0.0203125 0.0416666666667
1 0.544140625 0.58125 0.01953125 0.0458333333333
1 0.371875 0.551388888889 0.0140625 0.0333333333333
1 0.137890625 0.538194444444 0.01328125 0.0291666666667
2 0.596484375 0.529166666667 0.00859375 0.0277777777778
2 0.766015625 0.531944444444 0.01015625 0.0277777777778
