1 0.928125 0.76875 0.053125 0.118055555556
1 0.966015625 0.630555555556 0.02734375 0.0638888888889
1 0.1296875 0.570138888889 0.0234375 0.0430555555556
1 0.337109375 0.6 0.02421875 0.0527777777778
0 0.65859375 0.597916666667 0.025 0.0513888888889
0 0.91171875 0.554861111111 0.01875 0.0347222222222
2 0.598046875 0.557638888889 0.01640625 0.0347222222222
2 0.37890625 0.559027777778 0.01875 0.0347222222222
2 0.401953125 0.535416666667 0.01015625 0.0291666666667
2 0.576953125 0.532638888889 0.01171875 0.0291666666667
