1 0.813671875 0.640972222222 0.03359375 0.0680555555556
1 0.653125 0.573611111111 0.0171875 0.0444444444444
1 0.7296875 0.522222222222 0.0109375 0.0277777777778
1 0.446484375 0.514583333333 0.00859375 0.0263888888889
0 0.260546875 0.636805555556 0.03359375 0.0652777777778
0 0.390234375 0.573611111111 0.01640625 0.0444444444444
0 0.603125 0.515972222222 0.009375 0.0263888888889
2 0.702734375 0.55625 0.04140625 0.115277777778
2 0.666015625 0.532638888889 0.02265625 0.0958333333333
2 0.33828125 0.557638888889 0.034375 0.120833333333
2 0.37734375 0.533333333333 0.01875 0.0972222222222
0 0.07265625 0.513888888889 0.0109375 0.025
0 0.221875 0.515972222222 0.0125 0.0236111111111
0 0.32734375 0.527083333333 0.0109375 0.0291666666667
0 0.7609375 0.502777777778 0.009375 0.0194444444444
0 0.898828125 0.502083333333 0.00859375 0.0208333333333
1 0.852734375 0.513888888889 0.01171875 0.025
1 0.96640625 0.5125 0.0109375 0.0222222222222
1 0.14140625 0.502777777778 0.0078125 0.0222222222222
2 0.45625 0.502777777778 0.0078125 0.0222222222222
2 0.58125 0.503472222222 0.009375 0.0208333333333
