1 0.26875 0.685416666667 0.0421875 0.0847222222222
1 0.939453125 0.613888888889 0.02890625 0.0611111111111
1 0.68671875 0.570138888889 0.0203125 0.0430555555556
1 0.59453125 0.536805555556 0.0125 0.0347222222222
0 0.790234375 0.690277777778 0.04609375 0.0861111111111
0 0.079296875 0.614583333333 0.03203125 0.0597222222222
0 0.325 0.567361111111 0.021875 0.0430555555556
0 0.398828125 0.538888888889 0.01640625 0.0416666666667
2 0.623828125 0.522222222222 0.01953125 0.0861111111111
2 0.60546875 0.509027777778 0.0140625 0.0708333333333
2 0.367578125 0.523611111111 0.02109375 0.0861111111111
2 0.390234375 0.507638888889 0.01484375 0.0736111111111
1 0.436328125 0.5 0.01015625 0.0222222222222
1 0.666796875 0.50625 0.01015625 0.0236111111111
1 0.77265625 0.500694444444 0.009375 0.0236111111111
0 0.2484375 0.501388888889 0.009375 0.0222222222222
0 0.33984375 0.508333333333 0.0109375 0.025
0 0.566015625 0.500694444444 0.00703125 0.0208333333333
0 0.11875 0.498611111111 0.009375 0.0222222222222
