2 0.9125 0.538888888889 0.0359375 0.102777777778
2 0.7703125 0.553472222222 0.0421875 0.118055555556
0 0.95703125 0.559722222222 0.01875 0.0416666666667
0 0.8734375 0.58125 0.025 0.0513888888889
0 0.622265625 0.604166666667 0.02578125 0.0555555555556
0 0.303125 0.605555555556 0.0265625 0.0555555555556
0 0.0625 0.58125 0.025 0.0458333333333
1 0.04453125 0.7125 0.05 0.0972222222222
1 0.048046875 0.513194444444 0.00859375 0.0236111111111
1 0.19375 0.500694444444 0.0078125 0.0180555555556
1 0.86796875 0.498611111111 0.0078125 0.0194444444444
1 0.73515625 0.493055555556 0.00625 0.0166666666667
0 0.89375 0.515972222222 0.0109375 0.0263888888889
0 0.7859375 0.504166666667 0.009375 0.025
0 0.56953125 0.495833333333 0.0078125 0.0166666666667
0 0.6875 0.498611111111 0.0078125 0.0194444444444
0 0.059375 0.532638888889 0.0109375 0.0263888888889
0 0.1578125 0.517361111111 0.009375 0.0208333333333
0 0.0078125 0.55625 0.0140625 0.0402777777778
0 0.2578125 0.506944444444 0.009375 0.0194444444444
0 0.36015625 0.500694444444 0.0078125 0.0208333333333
0 0.46484375 0.497222222222 0.0078125 0.0166666666667
