0 0.934375 0.588194444444 0.0234375 0.0486111111111
0 0.262890625 0.8625 0.07265625 0.161111111111
0 0.426171875 0.679861111111 0.03046875 0.0791666666667
0 0.410546875 0.600694444444 0.02421875 0.0513888888889
0 0.308203125 0.563194444444 0.01953125 0.0375
1 0.48203125 0.545138888889 0.015625 0.0319444444444
1 0.640234375 0.573611111111 0.01640625 0.0444444444444
2 0.353125 0.678472222222 0.06875 0.243055555556
2 0.88671875 0.554166666667 0.0140625 0.0361111111111
2 0.6765625 0.545833333333 0.0140625 0.0333333333333
1 0.08828125 0.528472222222 0.0109375 0.0263888888889
1 0.275390625 0.530555555556 0.01171875 0.025
0 0.15390625 0.549305555556 0.015625 0.0319444444444
2 0.69921875 0.527777777778 0.0109375 0.025
2 0.872265625 0.531944444444 0.01171875 0.0277777777778
