2 0.103515625 0.554166666667 0.03203125 0.111111111111
0 0.690234375 0.615972222222 0.02734375 0.0569444444444
0 0.91171875 0.566666666667 0.01875 0.0416666666667
1 0.59921875 0.732638888889 0.046875 0.101388888889
1 0.27578125 0.586111111111 0.0203125 0.0472222222222
1 0.530078125 0.572916666667 0.01953125 0.0430555555556
1 0.68984375 0.55 0.015625 0.0361111111111
1 0.56171875 0.503472222222 0.0078125 0.0180555555556
1 0.648046875 0.507638888889 0.00859375 0.0180555555556
1 0.714453125 0.51875 0.00859375 0.0236111111111
1 0.73125 0.530555555556 0.0109375 0.0277777777778
1 0.053515625 0.516666666667 0.01171875 0.0222222222222
1 0.1671875 0.508333333333 0.0078125 0.0194444444444
1 0.2796875 0.504166666667 0.0078125 0.0166666666667
1 0.4734375 0.502777777778 0.0078125 0.0166666666667
0 0.919140625 0.532638888889 0.01328125 0.0291666666667
0 0.8546875 0.515972222222 0.0109375 0.0236111111111
0 0.74140625 0.504166666667 0.0078125 0.0166666666667
0 0.114453125 0.503472222222 0.00859375 0.0180555555556
0 0.61796875 0.497916666667 0.00625 0.0152777777778
