1 0.733203125 0.789583333333 0.06015625 0.131944444444
1 0.830078125 0.556944444444 0.01953125 0.0388888888889
1 0.876171875 0.534722222222 0.01484375 0.0305555555556
1 0.126953125 0.578472222222 0.02578125 0.0458333333333
1 0.384375 0.588194444444 0.0203125 0.0513888888889
1 0.650390625 0.579166666667 0.02109375 0.0472222222222
1 0.01875 0.559027777778 0.0171875 0.0347222222222
0 0.837109375 0.638194444444 0.03828125 0.0680555555556
2 0.08984375 0.540277777778 0.0296875 0.1
2 0.2203125 0.551388888889 0.0296875 0.111111111111
1 0.68359375 0.503472222222 0.0078125 0.0180555555556
1 0.779296875 0.509722222222 0.00859375 0.0194444444444
1 0.855078125 0.520833333333 0.01171875 0.025
1 0.591796875 0.501388888889 0.00703125 0.0166666666667
1 0.502734375 0.5 0.00546875 0.0166666666667
1 0.108203125 0.51875 0.01015625 0.0236111111111
1 0.1890625 0.510416666667 0.009375 0.0208333333333
1 0.294140625 0.504166666667 0.00703125 0.0166666666667
1 0.4 0.501388888889 0.00625 0.0166666666667
0 0.88359375 0.504861111111 0.009375 0.0208333333333
0 0.7453125 0.498611111111 0.0078125 0.0166666666667
0 0.626953125 0.495138888889 0.00703125 0.0152777777778
0 0.5109375 0.494444444444 0.00625 0.0138888888889
0 0.246484375 0.500694444444 0.00703125 0.0180555555556
