2 0.96875 0.532638888889 0.0296875 0.101388888889
2 0.82734375 0.545833333333 0.0328125 0.111111111111
0 0.92578125 0.570833333333 0.025 0.0472222222222
0 0.68828125 0.585416666667 0.0203125 0.0486111111111
0 0.410546875 0.58125 0.02265625 0.0486111111111
0 0.262890625 0.847222222222 0.07578125 0.15
0 0.210546875 0.561805555556 0.02109375 0.0375
1 0.230078125 0.648611111111 0.03671875 0.0722222222222
1 0.041796875 0.522916666667 0.01171875 0.0263888888889
1 0.1796875 0.506944444444 0.009375 0.0194444444444
1 0.30234375 0.498611111111 0.00625 0.0166666666667
1 0.4203125 0.493055555556 0.00625 0.0166666666667
1 0.541015625 0.488888888889 0.00703125 0.0166666666667
1 0.951171875 0.497916666667 0.01015625 0.0208333333333
1 0.665625 0.488888888889 0.00625 0.0138888888889
0 0.15703125 0.542361111111 0.0125 0.0319444444444
0 0.193359375 0.522222222222 0.01015625 0.025
0 0.273828125 0.510416666667 0.00859375 0.0208333333333
0 0.359765625 0.502083333333 0.00859375 0.0180555555556
0 0.451953125 0.498611111111 0.00703125 0.0166666666667
0 0.549609375 0.495833333333 0.00703125 0.0166666666667
0 0.76640625 0.498611111111 0.00625 0.0166666666667
0 0.863671875 0.502083333333 0.00859375 0.0236111111111
0 0.650390625 0.495138888889 0.00703125 0.0180555555556
