1 0.2796875 0.634722222222 0.0328125 0.0638888888889
0 0.33203125 0.80625 0.065625 0.131944444444
0 0.4453125 0.573611111111 0.021875 0.0444444444444
0 0.712109375 0.579166666667 0.02109375 0.0472222222222
0 0.946484375 0.565277777778 0.02421875 0.0416666666667
2 0.849609375 0.539583333333 0.03203125 0.106944444444
2 0.986328125 0.529166666667 0.02734375 0.0944444444444
0 0.197265625 0.5375 0.01171875 0.0277777777778
0 0.2296875 0.51875 0.0109375 0.0236111111111
0 0.251953125 0.55625 0.01640625 0.0375
0 0.305078125 0.506944444444 0.00859375 0.0194444444444
0 0.387890625 0.499305555556 0.00703125 0.0180555555556
0 0.477734375 0.494444444444 0.00703125 0.0166666666667
0 0.573828125 0.493055555556 0.00703125 0.0166666666667
0 0.673828125 0.491666666667 0.00703125 0.0166666666667
0 0.789453125 0.49375 0.00703125 0.0180555555556
0 0.8875 0.499305555556 0.0078125 0.0236111111111
1 0.688671875 0.485416666667 0.00546875 0.0152777777778
1 0.084375 0.520138888889 0.0109375 0.0236111111111
1 0.21328125 0.504166666667 0.0078125 0.0166666666667
1 0.33125 0.495833333333 0.00625 0.0166666666667
1 0.4453125 0.490277777778 0.00625 0.0138888888889
