0 0.415234375 0.752777777778 0.05546875 0.111111111111
0 0.713671875 0.613194444444 0.03046875 0.0569444444444
2 0.720703125 0.559722222222 0.01953125 0.0416666666667
2 0.76171875 0.5375 0.0125 0.0333333333333
1 0.9625 0.543055555556 0.0109375 0.0333333333333
1 0.786328125 0.50625 0.00703125 0.0208333333333
1 0.805859375 0.51875 0.01171875 0.0236111111111
0 0.971875 0.573611111111 0.015625 0.0444444444444
0 0.955078125 0.518055555556 0.01015625 0.025
0 0.919140625 0.508333333333 0.00859375 0.0222222222222
