2 0.640625 0.638194444444 0.05625 0.209722222222
2 0.956640625 0.784027777778 0.08671875 0.376388888889
2 0.11875 0.550694444444 0.0125 0.0347222222222
2 0.127734375 0.531944444444 0.01171875 0.0277777777778
2 0.30078125 0.522916666667 0.009375 0.0263888888889
2 0.326171875 0.540277777778 0.01328125 0.0305555555556
1 0.703125 0.763888888889 0.05 0.119444444444
1 0.55078125 0.625694444444 0.0234375 0.0652777777778
1 0.588671875 0.567361111111 0.01640625 0.0430555555556
1 0.10390625 0.580555555556 0.01875 0.0444444444444
0 0.382421875 0.563194444444 0.01953125 0.0402777777778
0 0.566796875 0.526388888889 0.01328125 0.0277777777778
1 0.971484375 0.525694444444 0.01328125 0.0291666666667
1 0.816015625 0.530555555556 0.01484375 0.0305555555556
1 0.707421875 0.540277777778 0.01484375 0.0305555555556
0 0.709375 0.516666666667 0.0125 0.0222222222222
0 0.891015625 0.513194444444 0.01171875 0.0236111111111
