2 0.364453125 0.527777777778 0.02265625 0.0888888888889
2 0.387890625 0.511111111111 0.01640625 0.0722222222222
2 0.62890625 0.527083333333 0.021875 0.0847222222222
2 0.61015625 0.5125 0.0171875 0.0722222222222
1 0.69453125 0.577083333333 0.021875 0.0458333333333
1 0.59921875 0.541666666667 0.0125 0.0333333333333
1 0.25546875 0.704861111111 0.0421875 0.0902777777778
1 0.96171875 0.624305555556 0.0296875 0.0625
0 0.810546875 0.711805555556 0.04765625 0.0986111111111
0 0.321484375 0.574305555556 0.02265625 0.0430555555556
0 0.40078125 0.541666666667 0.0125 0.0361111111111
0 0.06171875 0.625694444444 0.0328125 0.0652777777778
0 0.245703125 0.505555555556 0.01015625 0.0222222222222
0 0.3390625 0.5125 0.0109375 0.025
0 0.56953125 0.504166666667 0.009375 0.0194444444444
1 0.43671875 0.504166666667 0.0078125 0.0222222222222
1 0.671875 0.509027777778 0.0109375 0.0263888888889
0 0.115234375 0.502083333333 0.00859375 0.0208333333333
