2 0.204296875 0.629861111111 0.06015625 0.198611111111
2 0.780859375 0.622916666667 0.06171875 0.195833333333
0 0.187890625 0.750694444444 0.05703125 0.109722222222
0 0.239453125 0.638888888889 0.03203125 0.0666666666667
0 0.1796875 0.582638888889 0.0265625 0.0486111111111
0 0.040625 0.557638888889 0.0234375 0.0402777777778
0 0.615625 0.55 0.01875 0.0361111111111
1 0.796875 0.7375 0.0546875 0.105555555556
1 0.733984375 0.613888888889 0.02578125 0.0611111111111
1 0.38515625 0.550694444444 0.0171875 0.0375
1 0.812890625 0.564583333333 0.01796875 0.0430555555556
1 0.97265625 0.545833333333 0.01875 0.0361111111111
2 0.407421875 0.527083333333 0.01328125 0.0291666666667
2 0.420703125 0.513194444444 0.01015625 0.0236111111111
2 0.562890625 0.511111111111 0.01015625 0.025
2 0.576953125 0.525694444444 0.01171875 0.0291666666667
1 0.220703125 0.532638888889 0.01328125 0.0319444444444
0 0.81953125 0.525 0.0125 0.0277777777778
