2 0.398046875 0.570138888889 0.03984375 0.134722222222
2 0.555859375 0.609722222222 0.04609375 0.183333333333
2 0.078125 0.51875 0.009375 0.0236111111111
2 0.113671875 0.530555555556 0.01171875 0.0277777777778
0 0.178515625 0.545833333333 0.01953125 0.0333333333333
0 0.3421875 0.515972222222 0.0109375 0.0236111111111
1 0.853515625 0.720833333333 0.03984375 0.102777777778
1 0.334375 0.579861111111 0.0171875 0.0486111111111
1 0.3625 0.544444444444 0.0140625 0.0361111111111
1 0.43125 0.635416666667 0.025 0.0680555555556
1 0.793359375 0.50625 0.00859375 0.0208333333333
1 0.9390625 0.510416666667 0.0109375 0.0236111111111
1 0.4609375 0.522222222222 0.0125 0.0277777777778
1 0.547265625 0.513888888889 0.01015625 0.0222222222222
1 0.6640625 0.508333333333 0.009375 0.0222222222222
0 0.466015625 0.505555555556 0.00859375 0.0194444444444
0 0.61171875 0.5 0.0078125 0.0166666666667
0 0.76953125 0.497916666667 0.009375 0.0180555555556
