1 0.740625 0.671527777778 0.034375 0.0819444444444
1 0.71015625 0.589583333333 0.021875 0.0513888888889
1 0.788671875 0.551388888889 0.01640625 0.0361111111111
1 0.93984375 0.534722222222 0.015625 0.0333333333333
1 0.4046875 0.540277777778 0.0140625 0.0361111111111
0 0.269921875 0.679166666667 0.03828125 0.0861111111111
0 0.29296875 0.606944444444 0.01875 0.0555555555556
0 0.228515625 0.567361111111 0.02109375 0.0430555555556
0 0.096875 0.547222222222 0.01875 0.0361111111111
0 0.612890625 0.539583333333 0.01640625 0.0319444444444
2 0.8640625 0.671527777778 0.0796875 0.251388888889
2 0.74140625 0.590277777778 0.046875 0.158333333333
2 0.136328125 0.682638888889 0.08828125 0.251388888889
2 0.271875 0.593055555556 0.05 0.163888888889
2 0.42265625 0.520138888889 0.0109375 0.0263888888889
2 0.433984375 0.509027777778 0.01015625 0.0236111111111
2 0.567578125 0.506944444444 0.00859375 0.0222222222222
2 0.5796875 0.519444444444 0.0109375 0.0277777777778
1 0.01875 0.523611111111 0.015625 0.0277777777778
1 0.25234375 0.526388888889 0.0140625 0.0305555555556
0 0.80546875 0.51875 0.0109375 0.0263888888889
0 0.971484375 0.515277777778 0.01328125 0.0277777777778
