2 0.530078125 0.601388888889 0.05546875 0.172222222222
2 0.75234375 0.682638888889 0.0765625 0.259722222222
2 0.2078125 0.516666666667 0.0109375 0.025
2 0.236328125 0.533333333333 0.01171875 0.0305555555556
2 0.0265625 0.543055555556 0.0125 0.0333333333333
0 0.294921875 0.552083333333 0.01484375 0.0375
0 0.469140625 0.520833333333 0.01015625 0.0277777777778
1 0.488671875 0.554861111111 0.01484375 0.0402777777778
1 0.454296875 0.602777777778 0.02265625 0.0583333333333
1 0.57421875 0.695833333333 0.0390625 0.0888888888889
1 0.019921875 0.571527777778 0.01953125 0.0458333333333
0 0.953515625 0.508333333333 0.00859375 0.0222222222222
0 0.7640625 0.507638888889 0.009375 0.0208333333333
0 0.601953125 0.511805555556 0.00859375 0.0208333333333
1 0.989453125 0.51875 0.01171875 0.0236111111111
1 0.82890625 0.517361111111 0.0109375 0.0236111111111
1 0.694921875 0.521527777778 0.01171875 0.0263888888889
1 0.59765625 0.530555555556 0.0125 0.0277777777778
