1 0.869140625 0.547222222222 0.01484375 0.0361111111111
0 0.196875 0.7875 0.0515625 0.125
0 0.622265625 0.658333333333 0.03359375 0.075
0 0.694921875 0.598611111111 0.02109375 0.0527777777778
0 0.673828125 0.556944444444 0.01640625 0.0388888888889
2 0.480078125 0.639583333333 0.05859375 0.206944444444
2 0.65625 0.582638888889 0.04375 0.148611111111
2 0.909765625 0.527777777778 0.01015625 0.0277777777778
2 0.93828125 0.514583333333 0.009375 0.0263888888889
0 0.0421875 0.521527777778 0.009375 0.0263888888889
0 0.19921875 0.514583333333 0.009375 0.0236111111111
0 0.35078125 0.513888888889 0.009375 0.0222222222222
0 0.465625 0.518055555556 0.0109375 0.025
0 0.587109375 0.530555555556 0.01171875 0.0305555555556
1 0.726953125 0.522916666667 0.01015625 0.0263888888889
1 0.407421875 0.505555555556 0.00859375 0.0194444444444
1 0.550390625 0.509027777778 0.00859375 0.0208333333333
1 0.223046875 0.506944444444 0.00703125 0.0166666666667
