1 0.113671875 0.575694444444 0.02421875 0.0430555555556
1 0.327734375 0.610416666667 0.02109375 0.0541666666667
1 0.969921875 0.804861111111 0.06015625 0.134722222222
1 0.987890625 0.640277777778 0.02421875 0.0638888888889
0 0.66484375 0.608333333333 0.025 0.0527777777778
0 0.923046875 0.559722222222 0.01796875 0.0361111111111
2 0.373046875 0.564583333333 0.01796875 0.0375
2 0.60078125 0.561805555556 0.0140625 0.0375
2 0.398046875 0.538888888889 0.01171875 0.0277777777778
2 0.578125 0.534722222222 0.0125 0.0305555555556
