1 0.80234375 0.677777777778 0.0359375 0.0833333333333
1 0.871875 0.598611111111 0.021875 0.05
1 0.359375 0.580555555556 0.01875 0.0444444444444
1 0.1734375 0.55625 0.01875 0.0347222222222
0 0.133984375 0.718055555556 0.04296875 0.0916666666667
0 0.09375 0.627777777778 0.03125 0.0611111111111
0 0.62890625 0.577777777778 0.021875 0.0416666666667
2 0.91015625 0.721527777778 0.1078125 0.298611111111
2 0.053125 0.733333333333 0.103125 0.305555555556
0 0.857421875 0.544444444444 0.01484375 0.0305555555556
2 0.389453125 0.547916666667 0.01484375 0.0319444444444
2 0.407421875 0.529861111111 0.01171875 0.0263888888889
2 0.565625 0.525694444444 0.0109375 0.0263888888889
2 0.582421875 0.547222222222 0.01328125 0.0305555555556
