0 0.10625 0.511805555556 0.0109375 0.0236111111111
1 0.8265625 0.605555555556 0.0265625 0.0583333333333
1 0.502734375 0.608333333333 0.02421875 0.0583333333333
1 0.127734375 0.557638888889 0.01796875 0.0402777777778
1 0.139453125 0.532638888889 0.01484375 0.0319444444444
1 0.226953125 0.585416666667 0.02578125 0.0486111111111
2 0.192578125 0.543055555556 0.03203125 0.108333333333
2 0.321875 0.558333333333 0.0359375 0.122222222222
0 0.905859375 0.499305555556 0.00859375 0.0180555555556
0 0.766015625 0.495833333333 0.00546875 0.0138888888889
0 0.36796875 0.495833333333 0.0078125 0.0166666666667
0 0.505078125 0.49375 0.00546875 0.0152777777778
1 0.954296875 0.515972222222 0.01328125 0.0263888888889
1 0.8359375 0.505555555556 0.009375 0.0222222222222
1 0.728125 0.501388888889 0.0078125 0.0194444444444
1 0.630078125 0.499305555556 0.00703125 0.0180555555556
1 0.41328125 0.500694444444 0.0078125 0.0180555555556
1 0.521484375 0.498611111111 0.00703125 0.0166666666667
1 0.228515625 0.514583333333 0.01015625 0.0236111111111
1 0.308984375 0.50625 0.01015625 0.0208333333333
