0 0.386328125 0.776388888889 0.05703125 0.119444444444
0 0.694140625 0.618055555556 0.02890625 0.0583333333333
0 0.946484375 0.575 0.02421875 0.0444444444444
2 0.6953125 0.561111111111 0.0171875 0.0388888888889
2 0.734765625 0.5375 0.01328125 0.0333333333333
1 0.9359375 0.545138888889 0.0140625 0.0347222222222
0 0.974609375 0.497222222222 0.00859375 0.0166666666667
0 0.88828125 0.509027777778 0.0078125 0.0208333333333
0 0.910546875 0.500694444444 0.00703125 0.0208333333333
0 0.925 0.518055555556 0.0109375 0.0222222222222
1 0.75703125 0.50625 0.0078125 0.0208333333333
1 0.778125 0.519444444444 0.0109375 0.0222222222222
1 0.808203125 0.497222222222 0.00703125 0.0166666666667
