0 0.026953125 0.826388888889 0.05234375 0.144444444444
0 0.31953125 0.6375 0.034375 0.075
0 0.2640625 0.553472222222 0.0171875 0.0375
0 0.61328125 0.530555555556 0.0125 0.0333333333333
0 0.14140625 0.536805555556 0.015625 0.0319444444444
1 0.712109375 0.634722222222 0.02890625 0.0638888888889
1 0.69609375 0.572222222222 0.0171875 0.0472222222222
1 0.774609375 0.540277777778 0.01328125 0.0361111111111
1 0.42109375 0.53125 0.0140625 0.0319444444444
1 0.918359375 0.526388888889 0.01484375 0.0305555555556
2 0.801953125 0.625694444444 0.06328125 0.198611111111
2 0.716015625 0.567361111111 0.03515625 0.1375
2 0.21875 0.63125 0.0625 0.198611111111
2 0.314453125 0.570833333333 0.03828125 0.136111111111
2 0.43671875 0.514583333333 0.009375 0.0236111111111
2 0.44765625 0.502777777778 0.009375 0.0194444444444
2 0.573828125 0.502083333333 0.00859375 0.0208333333333
2 0.584765625 0.513194444444 0.00859375 0.0263888888889
0 0.796484375 0.513194444444 0.01015625 0.0263888888889
1 0.06171875 0.515972222222 0.0125 0.0263888888889
1 0.280078125 0.51875 0.01015625 0.0263888888889
