2 0.13359375 0.609722222222 0.028125 0.0611111111111
2 0.9609375 0.529166666667 0.03125 0.1
1 0.460546875 0.592361111111 0.02734375 0.0513888888889
0 0.518359375 0.6875 0.04296875 0.0888888888889
0 0.587890625 0.554166666667 0.01953125 0.0388888888889
0 0.826171875 0.5625 0.01953125 0.0416666666667
0 0.375 0.522916666667 0.0109375 0.0263888888889
0 0.39609375 0.507638888889 0.009375 0.0208333333333
0 0.4234375 0.5375 0.0140625 0.0305555555556
0 0.458203125 0.499305555556 0.00703125 0.0180555555556
0 0.531640625 0.493055555556 0.00703125 0.0194444444444
0 0.61484375 0.489583333333 0.00625 0.0152777777778
0 0.7078125 0.488194444444 0.00625 0.0152777777778
0 0.929296875 0.491666666667 0.00703125 0.0194444444444
0 0.809375 0.488194444444 0.00625 0.0152777777778
1 0.228515625 0.552777777778 0.01328125 0.0361111111111
1 0.20546875 0.528472222222 0.009375 0.0291666666667
1 0.276953125 0.507638888889 0.00859375 0.0208333333333
1 0.379296875 0.495833333333 0.00703125 0.0166666666667
1 0.4796875 0.490277777778 0.00625 0.0138888888889
1 0.584765625 0.485416666667 0.00546875 0.0152777777778
1 0.825390625 0.483333333333 0.00546875 0.0138888888889
