1 0.501171875 0.699305555556 0.04296875 0.0930555555556
1 0.13125 0.54375 0.0171875 0.0319444444444
1 0.18359375 0.599305555556 0.028125 0.0513888888889
0 0.251953125 0.556944444444 0.02109375 0.0388888888889
0 0.4125 0.527777777778 0.0125 0.0305555555556
2 0.46640625 0.551388888889 0.0171875 0.0361111111111
2 0.48515625 0.586805555556 0.021875 0.0513888888889
0 0.095703125 0.495833333333 0.00703125 0.0138888888889
0 0.402734375 0.500694444444 0.00703125 0.0180555555556
0 0.435546875 0.509722222222 0.00859375 0.0194444444444
1 0.059765625 0.501388888889 0.00703125 0.0166666666667
1 0.15546875 0.499305555556 0.0078125 0.0152777777778
1 0.26484375 0.525694444444 0.0109375 0.0263888888889
1 0.293359375 0.50625 0.00859375 0.0180555555556
1 0.302734375 0.513888888889 0.00859375 0.0222222222222
