0 0.964453125 0.651388888889 0.03984375 0.0722222222222
0 0.14140625 0.720138888889 0.0421875 0.0986111111111
0 0.02734375 0.625694444444 0.0328125 0.0625
1 0.319140625 0.578472222222 0.02265625 0.0458333333333
1 0.53984375 0.632638888889 0.028125 0.0680555555556
1 0.0375 0.556944444444 0.01875 0.0388888888889
2 0.581640625 0.575 0.01953125 0.0416666666667
2 0.60234375 0.544444444444 0.0140625 0.0333333333333
2 0.80859375 0.547222222222 0.0140625 0.0333333333333
2 0.84921875 0.582638888889 0.0203125 0.0458333333333
