0 0.26796875 0.858333333333 0.078125 0.15
0 0.64140625 0.629861111111 0.034375 0.0652777777778
0 0.899609375 0.575694444444 0.02421875 0.0458333333333
1 0.883984375 0.542361111111 0.01796875 0.0347222222222
1 0.7234375 0.518055555556 0.0109375 0.025
2 0.642578125 0.565277777778 0.02109375 0.0416666666667
2 0.68125 0.538194444444 0.0140625 0.0319444444444
1 0.703515625 0.504166666667 0.00859375 0.0194444444444
1 0.75234375 0.49375 0.00625 0.0180555555556
0 0.83125 0.504861111111 0.0078125 0.0236111111111
0 0.8515625 0.497222222222 0.0078125 0.0166666666667
0 0.86875 0.513888888889 0.009375 0.025
0 0.912890625 0.492361111111 0.00703125 0.0152777777778
