1 0.378515625 0.536111111111 0.01328125 0.0305555555556
1 0.57421875 0.567361111111 0.0203125 0.0430555555556
0 0.18125 0.882638888889 0.0796875 0.1625
0 0.616015625 0.628472222222 0.03359375 0.0625
0 0.6859375 0.541666666667 0.015625 0.0361111111111
0 0.905078125 0.552083333333 0.01640625 0.0375
2 0.24765625 0.636111111111 0.034375 0.0666666666667
2 0.319921875 0.574305555556 0.01953125 0.0458333333333
1 0.35390625 0.516666666667 0.009375 0.025
1 0.410546875 0.500694444444 0.00703125 0.0180555555556
1 0.49921875 0.491666666667 0.00625 0.0166666666667
1 0.93984375 0.484027777778 0.00625 0.0152777777778
0 0.815625 0.4875 0.00625 0.0166666666667
0 0.91953125 0.489583333333 0.00625 0.0152777777778
0 0.498046875 0.513888888889 0.00859375 0.0222222222222
0 0.515625 0.502777777778 0.0078125 0.0194444444444
0 0.541015625 0.525694444444 0.01171875 0.0263888888889
0 0.571875 0.495833333333 0.00625 0.0166666666667
0 0.64140625 0.490972222222 0.00625 0.0180555555556
0 0.721875 0.4875 0.00625 0.0166666666667
1 0.5921875 0.486111111111 0.00625 0.0138888888889
