2 0.303125 0.586111111111 0.0421875 0.15
2 0.355859375 0.547916666667 0.02578125 0.1125
2 0.744140625 0.584722222222 0.04140625 0.15
2 0.69609375 0.548611111111 0.0234375 0.111111111111
0 0.18515625 0.697916666667 0.0453125 0.0847222222222
0 0.369140625 0.6 0.02109375 0.0527777777778
0 0.614453125 0.523611111111 0.01015625 0.0277777777778
1 0.91640625 0.70625 0.046875 0.0930555555556
1 0.683984375 0.598611111111 0.01953125 0.0527777777778
1 0.7578125 0.531944444444 0.0109375 0.0333333333333
1 0.442578125 0.522916666667 0.01171875 0.0291666666667
1 0.68046875 0.552777777778 0.0125 0.0361111111111
2 0.455859375 0.509027777778 0.01015625 0.0236111111111
2 0.590625 0.510416666667 0.009375 0.0236111111111
2 0.580859375 0.499305555556 0.01015625 0.0208333333333
2 0.4640625 0.499305555556 0.0078125 0.0180555555556
0 0.78515625 0.509027777778 0.009375 0.0236111111111
0 0.93359375 0.50625 0.009375 0.0236111111111
0 0.032421875 0.522916666667 0.01328125 0.0263888888889
0 0.19375 0.525694444444 0.0140625 0.0291666666667
1 0.114453125 0.510416666667 0.01015625 0.0236111111111
1 0.891015625 0.522222222222 0.01484375 0.0277777777778
