1 0.944921875 0.544444444444 0.01484375 0.0361111111111
0 0.344140625 0.713194444444 0.03984375 0.0958333333333
0 0.69296875 0.633333333333 0.03125 0.0666666666667
0 0.76484375 0.586805555556 0.01875 0.0486111111111
0 0.748828125 0.55 0.01484375 0.0361111111111
2 0.5671875 0.610416666667 0.0515625 0.179166666667
2 0.725390625 0.570138888889 0.03671875 0.134722222222
0 0.54921875 0.513888888889 0.0109375 0.025
0 0.666015625 0.527083333333 0.01015625 0.0291666666667
0 0.303125 0.509027777778 0.0078125 0.0208333333333
0 0.44140625 0.509722222222 0.0109375 0.0222222222222
0 0.16640625 0.5125 0.009375 0.0222222222222
0 0.013671875 0.519444444444 0.01015625 0.025
1 0.159375 0.503472222222 0.0078125 0.0208333333333
1 0.323046875 0.5 0.00859375 0.0194444444444
1 0.49296875 0.5 0.0078125 0.0194444444444
1 0.630078125 0.504861111111 0.00859375 0.0208333333333
1 0.8046875 0.520138888889 0.0109375 0.0263888888889
2 0.991015625 0.528472222222 0.01171875 0.0291666666667
