0 0.344140625 0.804166666667 0.06484375 0.127777777778
0 0.67578125 0.624305555556 0.03125 0.0597222222222
0 0.93359375 0.577083333333 0.025 0.0458333333333
2 0.679296875 0.563194444444 0.02109375 0.0402777777778
2 0.71796875 0.538194444444 0.0140625 0.0319444444444
1 0.920703125 0.544444444444 0.01640625 0.0333333333333
1 0.74140625 0.507638888889 0.0078125 0.0180555555556
1 0.7625 0.520138888889 0.0109375 0.0236111111111
0 0.871875 0.509027777778 0.009375 0.0208333333333
0 0.89375 0.501388888889 0.0078125 0.0166666666667
0 0.90859375 0.51875 0.0109375 0.0236111111111
