0 0.268359375 0.866666666667 0.07265625 0.158333333333
0 0.4109375 0.680555555556 0.0296875 0.0805555555556
0 0.38515625 0.600694444444 0.0203125 0.0541666666667
0 0.2765625 0.563194444444 0.0171875 0.0402777777778
0 0.899609375 0.583333333333 0.01953125 0.0444444444444
1 0.6140625 0.570833333333 0.0171875 0.0444444444444
2 0.34375 0.678472222222 0.0703125 0.243055555556
1 0.041015625 0.529861111111 0.01171875 0.0263888888889
1 0.2375 0.529861111111 0.0125 0.0263888888889
1 0.451171875 0.54375 0.01328125 0.0319444444444
0 0.112890625 0.547222222222 0.01484375 0.0333333333333
2 0.6453125 0.543055555556 0.0125 0.0305555555556
2 0.66484375 0.525694444444 0.009375 0.0236111111111
2 0.833203125 0.528472222222 0.01171875 0.0263888888889
2 0.849609375 0.550694444444 0.01484375 0.0347222222222
