2 0.1390625 0.554166666667 0.034375 0.111111111111
0 0.750390625 0.628472222222 0.03046875 0.0625
0 0.98671875 0.573611111111 0.021875 0.0444444444444
1 0.3109375 0.588888888889 0.0203125 0.0472222222222
1 0.039453125 0.584027777778 0.02578125 0.0458333333333
1 0.574609375 0.575694444444 0.02109375 0.0430555555556
1 0.658203125 0.767361111111 0.05390625 0.118055555556
1 0.7421875 0.552777777778 0.0171875 0.0361111111111
1 0.60390625 0.503472222222 0.0078125 0.0180555555556
1 0.69453125 0.508333333333 0.0078125 0.0194444444444
1 0.76484375 0.51875 0.009375 0.0236111111111
1 0.78515625 0.532638888889 0.0109375 0.0291666666667
1 0.009765625 0.523611111111 0.01015625 0.025
1 0.0984375 0.513194444444 0.0109375 0.0208333333333
1 0.320703125 0.502083333333 0.00546875 0.0152777777778
1 0.5140625 0.501388888889 0.0078125 0.0166666666667
1 0.425390625 0.5 0.00546875 0.0166666666667
1 0.209765625 0.50625 0.00859375 0.0180555555556
0 0.79140625 0.502083333333 0.009375 0.0180555555556
0 0.91484375 0.515972222222 0.0109375 0.0263888888889
0 0.662109375 0.496527777778 0.00703125 0.0152777777778
0 0.158984375 0.502777777778 0.00703125 0.0166666666667
