1 0.871484375 0.675694444444 0.04140625 0.0819444444444
1 0.671484375 0.588888888889 0.01796875 0.05
1 0.445703125 0.520138888889 0.01328125 0.0263888888889
1 0.74765625 0.527083333333 0.0109375 0.0291666666667
0 0.222265625 0.66875 0.03984375 0.0791666666667
0 0.380859375 0.586111111111 0.01796875 0.05
0 0.61171875 0.520138888889 0.0109375 0.0263888888889
2 0.7265625 0.575694444444 0.0359375 0.134722222222
2 0.684375 0.542361111111 0.025 0.104166666667
2 0.3203125 0.573611111111 0.04375 0.141666666667
2 0.369140625 0.543055555556 0.02109375 0.105555555556
1 0.12734375 0.506944444444 0.0109375 0.0222222222222
1 0.876953125 0.519444444444 0.01328125 0.0277777777778
0 0.051171875 0.520138888889 0.01328125 0.0263888888889
0 0.207421875 0.522916666667 0.01328125 0.0263888888889
0 0.776171875 0.507638888889 0.00859375 0.0208333333333
2 0.457421875 0.507638888889 0.00859375 0.0208333333333
2 0.5875 0.508333333333 0.009375 0.0222222222222
