1 0.285546875 0.6625 0.03984375 0.075
1 0.905078125 0.6 0.02578125 0.0555555555556
1 0.673828125 0.561805555556 0.01953125 0.0402777777778
1 0.587890625 0.529861111111 0.01171875 0.0319444444444
0 0.758984375 0.665277777778 0.04140625 0.0805555555556
0 0.103515625 0.602083333333 0.03203125 0.0569444444444
0 0.33125 0.559722222222 0.0203125 0.0416666666667
0 0.4015625 0.530555555556 0.0125 0.0333333333333
2 0.0625 0.921527777778 0.0984375 0.156944444444
2 0.615234375 0.517361111111 0.02109375 0.0819444444444
2 0.59921875 0.504861111111 0.0140625 0.0708333333333
2 0.369921875 0.517361111111 0.02109375 0.0847222222222
2 0.390234375 0.504166666667 0.01484375 0.0694444444444
1 0.433984375 0.496527777778 0.00859375 0.0208333333333
1 0.659375 0.500694444444 0.0109375 0.0236111111111
0 0.56171875 0.497222222222 0.009375 0.0222222222222
0 0.25078125 0.497916666667 0.009375 0.0208333333333
0 0.34140625 0.504166666667 0.0109375 0.0222222222222
0 0.123828125 0.495833333333 0.00859375 0.0194444444444
