1 0.06953125 0.585416666667 0.021875 0.0458333333333
1 0.34296875 0.594444444444 0.021875 0.0472222222222
1 0.615625 0.581944444444 0.0203125 0.0444444444444
1 0.790234375 0.559027777778 0.01796875 0.0375
1 0.718359375 0.805555555556 0.06015625 0.136111111111
0 0.806640625 0.642361111111 0.03359375 0.0680555555556
2 0.0296875 0.547222222222 0.03125 0.102777777778
2 0.16953125 0.55625 0.034375 0.115277777778
0 0.83671875 0.504861111111 0.009375 0.0208333333333
0 0.9703125 0.520138888889 0.0125 0.0236111111111
0 0.58515625 0.495833333333 0.00625 0.0138888888889
0 0.701953125 0.499305555556 0.00703125 0.0152777777778
0 0.044140625 0.511111111111 0.00859375 0.0194444444444
0 0.468359375 0.496527777778 0.00546875 0.0125
1 0.460546875 0.501388888889 0.00703125 0.0166666666667
1 0.550390625 0.502777777778 0.00703125 0.0166666666667
1 0.642578125 0.504861111111 0.00703125 0.0180555555556
1 0.73671875 0.511111111111 0.009375 0.0194444444444
1 0.811328125 0.522222222222 0.01015625 0.025
1 0.83359375 0.536111111111 0.0109375 0.0305555555556
1 0.35546875 0.504166666667 0.0078125 0.0166666666667
1 0.246484375 0.507638888889 0.00703125 0.0180555555556
1 0.136328125 0.514583333333 0.01015625 0.0208333333333
