2 0.88046875 0.534722222222 0.0328125 0.105555555556
0 0.978125 0.559722222222 0.025 0.0444444444444
0 0.744921875 0.571527777778 0.01953125 0.0458333333333
0 0.391015625 0.749305555556 0.05390625 0.109722222222
0 0.490234375 0.563888888889 0.01953125 0.0444444444444
0 0.31015625 0.546527777778 0.015625 0.0375
1 0.073046875 0.570138888889 0.02109375 0.0430555555556
1 0.33984375 0.614583333333 0.03125 0.0597222222222
1 0.060546875 0.538888888889 0.01640625 0.0333333333333
1 0.153515625 0.513194444444 0.01015625 0.0236111111111
1 0.272265625 0.498611111111 0.00859375 0.0194444444444
0 0.26015625 0.529861111111 0.0109375 0.0291666666667
0 0.287890625 0.513194444444 0.00859375 0.0236111111111
0 0.3578125 0.502777777778 0.0078125 0.0166666666667
0 0.437109375 0.495138888889 0.00859375 0.0180555555556
0 0.5234375 0.491666666667 0.00625 0.0166666666667
0 0.61796875 0.489583333333 0.0078125 0.0152777777778
0 0.9328125 0.496527777778 0.009375 0.0208333333333
0 0.83359375 0.492361111111 0.0078125 0.0180555555556
0 0.717578125 0.489583333333 0.00546875 0.0152777777778
1 0.38203125 0.490972222222 0.00625 0.0152777777778
1 0.4921875 0.486111111111 0.00625 0.0138888888889
1 0.61015625 0.483333333333 0.00625 0.0166666666667
