2 0.305078125 0.534722222222 0.01328125 0.0333333333333
2 0.32890625 0.555555555556 0.0171875 0.0388888888889
1 0.35859375 0.6125 0.0265625 0.0583333333333
1 0.683984375 0.745833333333 0.04921875 0.108333333333
1 0.074609375 0.572916666667 0.02421875 0.0430555555556
0 0.248828125 0.518055555556 0.01171875 0.025
0 0.109765625 0.54375 0.01640625 0.0319444444444
1 0.053125 0.500694444444 0.0078125 0.0180555555556
1 0.100390625 0.521527777778 0.01015625 0.0236111111111
1 0.1171875 0.504166666667 0.0078125 0.0166666666667
1 0.1328125 0.510416666667 0.0078125 0.0208333333333
0 0.226953125 0.498611111111 0.00859375 0.0166666666667
0 0.2640625 0.504166666667 0.009375 0.0194444444444
0 0.01640625 0.494444444444 0.00625 0.0138888888889
