1 0.718359375 0.555555555556 0.01484375 0.0388888888889
1 0.575 0.529861111111 0.0125 0.0291666666667
0 0.43125 0.722916666667 0.0453125 0.101388888889
0 0.533203125 0.627777777778 0.02421875 0.0666666666667
0 0.515234375 0.573611111111 0.01953125 0.0444444444444
0 0.423046875 0.542361111111 0.01484375 0.0347222222222
0 0.991015625 0.571527777778 0.01796875 0.0430555555556
2 0.218359375 0.723611111111 0.08984375 0.3
2 0.48046875 0.615277777778 0.046875 0.180555555556
2 0.958203125 0.543055555556 0.01484375 0.0333333333333
2 0.755859375 0.532638888889 0.01171875 0.0291666666667
1 0.228125 0.513888888889 0.0109375 0.0222222222222
1 0.388671875 0.516666666667 0.01015625 0.0222222222222
0 0.155078125 0.527083333333 0.01171875 0.0263888888889
0 0.28984375 0.529861111111 0.0109375 0.0263888888889
2 0.78046875 0.518055555556 0.0109375 0.0222222222222
2 0.951953125 0.522916666667 0.01015625 0.0263888888889
