0 0.205859375 0.620833333333 0.02890625 0.0638888888889
0 0.558984375 0.615277777778 0.02578125 0.0611111111111
0 0.819140625 0.586805555556 0.02734375 0.0486111111111
0 0.9 0.559722222222 0.0171875 0.0416666666667
0 0.90390625 0.536111111111 0.0140625 0.0333333333333
1 0.97890625 0.513194444444 0.0140625 0.0263888888889
2 0.858203125 0.542361111111 0.03359375 0.109722222222
2 0.71640625 0.561111111111 0.0359375 0.127777777778
0 0.066796875 0.520138888889 0.01171875 0.0263888888889
0 0.1796875 0.509027777778 0.009375 0.0208333333333
0 0.291015625 0.501388888889 0.01015625 0.0194444444444
0 0.4015625 0.497916666667 0.0078125 0.0180555555556
0 0.51015625 0.495138888889 0.0078125 0.0180555555556
0 0.6296875 0.498611111111 0.0078125 0.0194444444444
0 0.726953125 0.504166666667 0.01015625 0.0222222222222
0 0.834765625 0.514583333333 0.01328125 0.0263888888889
1 0.110546875 0.503472222222 0.01015625 0.0180555555556
1 0.255078125 0.495833333333 0.00859375 0.0166666666667
1 0.39296875 0.490972222222 0.00625 0.0152777777778
1 0.52578125 0.489583333333 0.0046875 0.0152777777778
1 0.676953125 0.492361111111 0.00703125 0.0180555555556
1 0.8078125 0.498611111111 0.009375 0.0194444444444
