2 0.14453125 0.539583333333 0.034375 0.0986111111111
2 0.27265625 0.552777777778 0.0375 0.113888888889
0 0.969140625 0.672222222222 0.03984375 0.0805555555556
1 0.0765625 0.556944444444 0.01875 0.0388888888889
1 0.083984375 0.532638888889 0.01328125 0.0319444444444
1 0.179296875 0.580555555556 0.02265625 0.0472222222222
1 0.444921875 0.597916666667 0.02265625 0.0513888888889
1 0.736328125 0.592361111111 0.02421875 0.0513888888889
1 0.93671875 0.56875 0.021875 0.0430555555556
1 0.889453125 0.895833333333 0.08984375 0.169444444444
1 0.9828125 0.54375 0.0171875 0.0347222222222
0 0.98203125 0.506944444444 0.009375 0.0222222222222
0 0.825 0.498611111111 0.0078125 0.0166666666667
0 0.044921875 0.513194444444 0.01015625 0.0236111111111
0 0.69765625 0.496527777778 0.00625 0.0152777777778
0 0.5765625 0.494444444444 0.00625 0.0138888888889
0 0.31015625 0.497916666667 0.0078125 0.0152777777778
0 0.954296875 0.527083333333 0.01328125 0.0291666666667
0 0.865625 0.513194444444 0.0109375 0.0236111111111
0 0.66171875 0.502083333333 0.009375 0.0180555555556
0 0.760546875 0.504166666667 0.01015625 0.0194444444444
0 0.171875 0.516666666667 0.0109375 0.0222222222222
0 0.253125 0.508333333333 0.009375 0.0194444444444
0 0.35625 0.502083333333 0.00625 0.0180555555556
0 0.462890625 0.499305555556 0.00703125 0.0152777777778
0 0.567578125 0.498611111111 0.00703125 0.0166666666667
