0 0.218359375 0.625694444444 0.03203125 0.0597222222222
0 0.58125 0.620833333333 0.0265625 0.0638888888889
0 0.844921875 0.592361111111 0.02734375 0.0513888888889
0 0.92578125 0.565972222222 0.01875 0.0430555555556
2 0.7390625 0.563888888889 0.0453125 0.127777777778
2 0.881640625 0.545833333333 0.03984375 0.111111111111
1 0.122265625 0.504861111111 0.00859375 0.0180555555556
1 0.266015625 0.496527777778 0.00703125 0.0180555555556
1 0.40390625 0.49375 0.00625 0.0152777777778
1 0.537109375 0.493055555556 0.00546875 0.0166666666667
1 0.68984375 0.495138888889 0.00625 0.0180555555556
1 0.8234375 0.501388888889 0.0078125 0.0194444444444
0 0.078125 0.522916666667 0.0109375 0.0263888888889
0 0.191796875 0.511805555556 0.01015625 0.0208333333333
0 0.301953125 0.504166666667 0.00859375 0.0194444444444
0 0.412890625 0.499305555556 0.00703125 0.0180555555556
0 0.642578125 0.501388888889 0.00703125 0.0194444444444
0 0.521875 0.498611111111 0.00625 0.0194444444444
0 0.85234375 0.518055555556 0.0125 0.025
