2 0.589453125 0.578472222222 0.02265625 0.0486111111111
2 0.867578125 0.5875 0.02265625 0.05
2 0.82265625 0.552083333333 0.0171875 0.0347222222222
2 0.6109375 0.547222222222 0.0140625 0.0333333333333
1 0.547265625 0.640277777778 0.02890625 0.0666666666667
1 0.31796875 0.581944444444 0.0234375 0.0444444444444
1 0.03203125 0.559722222222 0.0203125 0.0361111111111
0 0.12109375 0.738888888889 0.046875 0.102777777778
0 0.01640625 0.631944444444 0.03125 0.0666666666667
0 0.98828125 0.661111111111 0.0234375 0.0777777777778
