1 0.52109375 0.575694444444 0.021875 0.0458333333333
1 0.3125 0.541666666667 0.015625 0.0333333333333
0 0.56796875 0.647916666667 0.0375 0.0736111111111
0 0.63828125 0.545138888889 0.0171875 0.0375
0 0.863671875 0.554166666667 0.01796875 0.0388888888889
2 0.147265625 0.663888888889 0.04140625 0.075
2 0.2421875 0.585416666667 0.0234375 0.0486111111111
1 0.288671875 0.520138888889 0.01171875 0.0263888888889
1 0.3515625 0.501388888889 0.0078125 0.0194444444444
1 0.88359375 0.482638888889 0.00625 0.0152777777778
1 0.444140625 0.491666666667 0.00703125 0.0166666666667
1 0.53984375 0.486111111111 0.00625 0.0138888888889
0 0.442578125 0.515277777778 0.00859375 0.0222222222222
0 0.4609375 0.503472222222 0.0078125 0.0208333333333
0 0.48671875 0.528472222222 0.0125 0.0291666666667
0 0.51953125 0.495833333333 0.00625 0.0194444444444
0 0.590234375 0.490972222222 0.00703125 0.0152777777778
0 0.67109375 0.488194444444 0.00625 0.0152777777778
0 0.763671875 0.4875 0.00703125 0.0166666666667
0 0.98671875 0.491666666667 0.0078125 0.0166666666667
0 0.865234375 0.488194444444 0.00703125 0.0180555555556
