1 0.90546875 0.543055555556 0.01875 0.0361111111111
0 0.3125 0.823611111111 0.0703125 0.138888888889
0 0.66171875 0.625694444444 0.0296875 0.0625
0 0.917578125 0.575694444444 0.02421875 0.0458333333333
2 0.6640625 0.563194444444 0.0203125 0.0402777777778
2 0.703125 0.538194444444 0.0140625 0.0319444444444
0 0.85390625 0.505555555556 0.009375 0.0194444444444
0 0.876171875 0.498611111111 0.00703125 0.0166666666667
0 0.89140625 0.515972222222 0.009375 0.0236111111111
0 0.938671875 0.49375 0.00703125 0.0152777777778
1 0.745703125 0.518055555556 0.00859375 0.025
1 0.724609375 0.504861111111 0.00859375 0.0208333333333
1 0.774609375 0.494444444444 0.00703125 0.0138888888889
1 0.965625 0.486805555556 0.00625 0.0152777777778
