1 0.919921875 0.547222222222 0.01640625 0.0361111111111
0 0.30078125 0.733333333333 0.0421875 0.105555555556
0 0.67109375 0.643055555556 0.0359375 0.0694444444444
0 0.7421875 0.591666666667 0.0203125 0.05
0 0.72421875 0.554166666667 0.0171875 0.0388888888889
2 0.539453125 0.61875 0.05859375 0.1875
2 0.703515625 0.575 0.04140625 0.136111111111
1 0.1203125 0.506944444444 0.0078125 0.0194444444444
1 0.29140625 0.502777777778 0.00625 0.0194444444444
1 0.465625 0.502083333333 0.00625 0.0208333333333
1 0.6046875 0.507638888889 0.0078125 0.0208333333333
1 0.779296875 0.522222222222 0.01015625 0.0277777777778
2 0.9640625 0.529861111111 0.0125 0.0291666666667
2 0.9953125 0.516666666667 0.009375 0.0277777777778
0 0.127734375 0.515972222222 0.00859375 0.0236111111111
0 0.270703125 0.511111111111 0.00859375 0.0222222222222
0 0.412890625 0.5125 0.00859375 0.0222222222222
0 0.522265625 0.515972222222 0.01015625 0.0236111111111
0 0.640625 0.529166666667 0.0109375 0.0305555555556
