2 0.65625 0.584722222222 0.0484375 0.15
2 0.803515625 0.55625 0.03828125 0.120833333333
0 0.844140625 0.575694444444 0.01796875 0.0458333333333
0 0.769140625 0.611111111111 0.03046875 0.0583333333333
0 0.473046875 0.660416666667 0.03359375 0.0763888888889
0 0.834375 0.545138888889 0.0140625 0.0375
0 0.02890625 0.518055555556 0.0125 0.0222222222222
0 0.16484375 0.508333333333 0.0109375 0.0222222222222
0 0.29296875 0.501388888889 0.009375 0.0194444444444
0 0.41328125 0.501388888889 0.009375 0.0194444444444
0 0.541015625 0.504166666667 0.00859375 0.0194444444444
0 0.64375 0.508333333333 0.009375 0.0222222222222
0 0.755859375 0.522222222222 0.01171875 0.0305555555556
1 0.898046875 0.518055555556 0.01171875 0.025
1 0.723828125 0.502777777778 0.00859375 0.0194444444444
1 0.125 0.501388888889 0.0078125 0.0194444444444
1 0.284765625 0.495833333333 0.00703125 0.0194444444444
1 0.589453125 0.496527777778 0.00703125 0.0180555555556
