2 0.94140625 0.725 0.115625 0.311111111111
2 0.767578125 0.613888888889 0.05859375 0.177777777778
2 0.046484375 0.747916666667 0.09140625 0.326388888889
2 0.228515625 0.611805555556 0.05546875 0.190277777778
0 0.219140625 0.724305555556 0.04921875 0.0986111111111
0 0.2578125 0.628472222222 0.028125 0.0625
0 0.19609375 0.579861111111 0.0234375 0.0458333333333
0 0.058203125 0.557638888889 0.02109375 0.0402777777778
0 0.6140625 0.546527777778 0.015625 0.0375
1 0.7734375 0.713888888889 0.046875 0.0944444444444
1 0.725 0.60625 0.025 0.0569444444444
1 0.39140625 0.549305555556 0.015625 0.0375
1 0.8046875 0.559027777778 0.0171875 0.0430555555556
1 0.961328125 0.540972222222 0.01953125 0.0347222222222
2 0.412109375 0.527083333333 0.01171875 0.0291666666667
2 0.425390625 0.513194444444 0.00859375 0.0236111111111
2 0.56484375 0.510416666667 0.009375 0.0236111111111
2 0.578125 0.526388888889 0.0109375 0.0277777777778
0 0.81484375 0.522916666667 0.0125 0.0263888888889
0 0.98828125 0.519444444444 0.0125 0.0277777777778
