2 0.11953125 0.865972222222 0.0828125 0.154166666667
2 0.95546875 0.870138888889 0.0703125 0.165277777778
2 0.370703125 0.516666666667 0.01484375 0.0805555555556
2 0.390234375 0.503472222222 0.01484375 0.0680555555556
2 0.608203125 0.51875 0.01953125 0.0791666666667
2 0.591796875 0.50625 0.01171875 0.0680555555556
0 0.7375 0.652083333333 0.0390625 0.0708333333333
0 0.119921875 0.595833333333 0.02890625 0.0527777777778
0 0.333984375 0.558333333333 0.02109375 0.0388888888889
0 0.401171875 0.53125 0.01015625 0.0319444444444
1 0.29765625 0.648611111111 0.040625 0.0722222222222
1 0.88125 0.594444444444 0.0265625 0.0527777777778
1 0.663671875 0.559722222222 0.02109375 0.0416666666667
1 0.581640625 0.53125 0.01015625 0.0319444444444
0 0.126953125 0.496527777778 0.01015625 0.0236111111111
0 0.2515625 0.497222222222 0.009375 0.0194444444444
0 0.341015625 0.50625 0.01015625 0.0208333333333
0 0.556640625 0.499305555556 0.00859375 0.0208333333333
1 0.43203125 0.498611111111 0.0078125 0.0222222222222
1 0.652734375 0.504861111111 0.01015625 0.0236111111111
1 0.753515625 0.499305555556 0.01015625 0.0208333333333
