2 0.57578125 0.560416666667 0.0203125 0.0430555555556
2 0.59921875 0.604861111111 0.025 0.0541666666667
0 0.35 0.563888888889 0.0203125 0.0388888888889
0 0.5171875 0.532638888889 0.0140625 0.0291666666667
1 0.63203125 0.76875 0.05625 0.120833333333
1 0.273046875 0.613194444444 0.02890625 0.0569444444444
1 0.233984375 0.546527777778 0.01640625 0.0347222222222
1 0.366796875 0.528472222222 0.01328125 0.0263888888889
0 0.425 0.496527777778 0.00625 0.0152777777778
0 0.506640625 0.503472222222 0.00703125 0.0180555555556
0 0.540625 0.5125 0.0078125 0.0222222222222
0 0.088671875 0.497222222222 0.00546875 0.0138888888889
0 0.21171875 0.495833333333 0.00625 0.0138888888889
1 0.397265625 0.508333333333 0.00703125 0.0194444444444
1 0.40625 0.515277777778 0.0078125 0.0222222222222
1 0.344921875 0.502777777778 0.00703125 0.0166666666667
1 0.007421875 0.563888888889 0.01328125 0.0388888888889
1 0.177734375 0.500694444444 0.00703125 0.0152777777778
1 0.266796875 0.5 0.00703125 0.0166666666667
1 0.08203125 0.501388888889 0.00625 0.0166666666667
