2 0.89296875 0.532638888889 0.0328125 0.104166666667
1 0.358984375 0.613888888889 0.02734375 0.0583333333333
1 0.09140625 0.570138888889 0.0203125 0.0430555555556
0 0.417578125 0.747222222222 0.05703125 0.108333333333
0 0.50390625 0.563888888889 0.021875 0.0416666666667
0 0.75703125 0.570833333333 0.0171875 0.0444444444444
0 0.9890625 0.560416666667 0.01875 0.0430555555556
1 0.075390625 0.5375 0.01171875 0.0305555555556
1 0.166015625 0.5125 0.01015625 0.0222222222222
1 0.282421875 0.499305555556 0.00703125 0.0180555555556
1 0.391796875 0.490972222222 0.00546875 0.0152777777778
1 0.5015625 0.486111111111 0.00625 0.0166666666667
0 0.273046875 0.529166666667 0.01171875 0.0305555555556
0 0.299609375 0.513194444444 0.00859375 0.0236111111111
0 0.324609375 0.545138888889 0.01484375 0.0347222222222
0 0.368359375 0.502777777778 0.00859375 0.0222222222222
0 0.446875 0.495138888889 0.0078125 0.0180555555556
0 0.532421875 0.490972222222 0.00703125 0.0152777777778
0 0.626953125 0.488888888889 0.00703125 0.0166666666667
0 0.7265625 0.488194444444 0.0078125 0.0152777777778
0 0.843359375 0.492361111111 0.00703125 0.0180555555556
0 0.94296875 0.495833333333 0.009375 0.0222222222222
