1 0.530859375 0.534722222222 0.01640625 0.0305555555556
1 0.6796875 0.560416666667 0.015625 0.0430555555556
0 0.96015625 0.577083333333 0.021875 0.0430555555556
0 0.364453125 0.765972222222 0.05546875 0.120833333333
0 0.484765625 0.645138888889 0.02890625 0.0736111111111
0 0.371484375 0.549305555556 0.01640625 0.0347222222222
0 0.4671875 0.58125 0.0203125 0.0458333333333
2 0.097265625 0.790277777778 0.10703125 0.377777777778
2 0.42578125 0.634722222222 0.053125 0.205555555556
2 0.716015625 0.536805555556 0.01484375 0.0319444444444
2 0.9203125 0.547222222222 0.015625 0.0361111111111
1 0.165234375 0.51875 0.01171875 0.0236111111111
1 0.3375 0.520833333333 0.0125 0.025
2 0.739453125 0.520138888889 0.00859375 0.0263888888889
2 0.910546875 0.525694444444 0.01171875 0.0291666666667
0 0.083203125 0.532638888889 0.01328125 0.0291666666667
0 0.2296875 0.534027777778 0.0140625 0.0291666666667
