2 0.274609375 0.635416666667 0.03515625 0.0680555555556
2 0.343359375 0.572222222222 0.02109375 0.0444444444444
1 0.599609375 0.566666666667 0.02109375 0.0416666666667
0 0.211328125 0.8875 0.08515625 0.163888888889
0 0.64609375 0.629861111111 0.03125 0.0652777777778
0 0.938671875 0.550694444444 0.01640625 0.0402777777778
0 0.712109375 0.539583333333 0.01640625 0.0347222222222
1 0.401953125 0.533333333333 0.01484375 0.0305555555556
1 0.377734375 0.515277777778 0.01015625 0.025
1 0.4328125 0.498611111111 0.009375 0.0194444444444
1 0.52109375 0.489583333333 0.00625 0.0180555555556
0 0.52109375 0.511805555556 0.0078125 0.0263888888889
0 0.53828125 0.500694444444 0.0078125 0.0208333333333
0 0.565234375 0.524305555556 0.01328125 0.0291666666667
0 0.5953125 0.49375 0.0078125 0.0180555555556
0 0.66484375 0.489583333333 0.0078125 0.0152777777778
0 0.746484375 0.486805555556 0.00703125 0.0152777777778
0 0.842578125 0.486111111111 0.00703125 0.0166666666667
0 0.949609375 0.486111111111 0.00859375 0.0166666666667
