2 0.33125 0.620833333333 0.034375 0.0611111111111
2 0.39140625 0.565277777778 0.0203125 0.0416666666667
1 0.633984375 0.560416666667 0.01953125 0.0402777777778
0 0.298046875 0.817361111111 0.06796875 0.140277777778
0 0.678515625 0.618055555556 0.03046875 0.0583333333333
0 0.744921875 0.536805555556 0.01640625 0.0347222222222
0 0.9703125 0.547222222222 0.0171875 0.0388888888889
1 0.444140625 0.529861111111 0.01171875 0.0291666666667
1 0.419140625 0.511111111111 0.00703125 0.0222222222222
1 0.473046875 0.496527777778 0.00703125 0.0180555555556
1 0.55859375 0.4875 0.00625 0.0138888888889
0 0.601171875 0.520138888889 0.01171875 0.0263888888889
0 0.558984375 0.509722222222 0.00859375 0.0222222222222
0 0.630859375 0.491666666667 0.00703125 0.0166666666667
0 0.70078125 0.488194444444 0.00625 0.0152777777778
0 0.575390625 0.498611111111 0.00703125 0.0194444444444
0 0.783203125 0.484027777778 0.00703125 0.0152777777778
0 0.880859375 0.483333333333 0.00703125 0.0138888888889
0 0.990234375 0.483333333333 0.00703125 0.0166666666667
