2 0.72109375 0.573611111111 0.021875 0.0472222222222
2 0.771484375 0.630555555556 0.03046875 0.0694444444444
1 0.934375 0.909027777778 0.0890625 0.170833333333
1 0.119140625 0.568055555556 0.01796875 0.0388888888889
1 0.3453125 0.551388888889 0.0171875 0.0333333333333
1 0.396875 0.632638888889 0.0328125 0.0652777777778
1 0.479296875 0.531944444444 0.01328125 0.0305555555556
0 0.46953125 0.572916666667 0.021875 0.0402777777778
0 0.642578125 0.5375 0.01328125 0.0305555555556
0 0.531640625 0.496527777778 0.00703125 0.0152777777778
0 0.620703125 0.503472222222 0.00859375 0.0180555555556
0 0.6609375 0.515972222222 0.0109375 0.0236111111111
0 0.062109375 0.500694444444 0.00703125 0.0152777777778
1 0.37265625 0.499305555556 0.00625 0.0152777777778
1 0.45078125 0.502083333333 0.0078125 0.0180555555556
1 0.50625 0.508333333333 0.0078125 0.0194444444444
1 0.517578125 0.517361111111 0.00859375 0.0236111111111
1 0.084765625 0.504166666667 0.00703125 0.0194444444444
1 0.19765625 0.500694444444 0.00625 0.0152777777778
1 0.2875 0.5 0.00625 0.0138888888889
