2 0.697265625 0.565277777778 0.03671875 0.130555555556
2 0.838671875 0.545833333333 0.03359375 0.111111111111
0 0.16484375 0.63125 0.0328125 0.0652777777778
0 0.53671875 0.623611111111 0.0265625 0.0638888888889
0 0.802734375 0.591666666667 0.02578125 0.0527777777778
0 0.881640625 0.565277777778 0.01953125 0.0416666666667
0 0.883203125 0.538194444444 0.01640625 0.0347222222222
1 0.956640625 0.515972222222 0.01328125 0.0263888888889
0 0.028515625 0.522916666667 0.01171875 0.0263888888889
0 0.14765625 0.510416666667 0.0109375 0.0236111111111
0 0.26328125 0.502777777778 0.009375 0.0194444444444
0 0.376953125 0.5 0.00703125 0.0194444444444
0 0.4875 0.498611111111 0.0078125 0.0194444444444
0 0.608203125 0.501388888889 0.01015625 0.0194444444444
0 0.705859375 0.50625 0.01015625 0.0208333333333
0 0.81328125 0.518055555556 0.0125 0.025
1 0.076171875 0.504861111111 0.00859375 0.0208333333333
1 0.2265625 0.496527777778 0.0078125 0.0180555555556
1 0.655078125 0.495138888889 0.00703125 0.0180555555556
1 0.36796875 0.493055555556 0.00625 0.0166666666667
1 0.503515625 0.491666666667 0.00703125 0.0166666666667
1 0.786328125 0.5 0.00859375 0.0194444444444
