1 0.51953125 0.560416666667 0.015625 0.0402777777778
1 0.484375 0.611111111111 0.021875 0.0611111111111
1 0.6140625 0.717361111111 0.04375 0.0986111111111
1 0.044140625 0.577777777778 0.02109375 0.0444444444444
0 0.321484375 0.557638888889 0.01953125 0.0375
0 0.499609375 0.523611111111 0.01171875 0.0277777777778
2 0.56484375 0.613888888889 0.0515625 0.186111111111
2 0.818359375 0.711805555556 0.08671875 0.295833333333
2 0.2359375 0.520833333333 0.009375 0.025
2 0.26328125 0.5375 0.0125 0.0305555555556
2 0.054296875 0.547916666667 0.01484375 0.0347222222222
1 0.872265625 0.520833333333 0.01171875 0.0277777777778
1 0.730859375 0.524305555556 0.01171875 0.0263888888889
1 0.630859375 0.534027777778 0.01328125 0.0319444444444
0 0.802734375 0.509722222222 0.01015625 0.0222222222222
