0 0.29140625 0.606944444444 0.028125 0.0555555555556
0 0.397265625 0.559027777778 0.01171875 0.0375
1 0.11640625 0.869444444444 0.0828125 0.152777777778
1 0.75625 0.60625 0.03125 0.0569444444444
1 0.628125 0.557638888889 0.0125 0.0402777777778
1 0.442578125 0.509722222222 0.01015625 0.025
0 0.588671875 0.510416666667 0.00859375 0.0236111111111
2 0.668359375 0.540972222222 0.02578125 0.101388888889
2 0.641015625 0.519444444444 0.01484375 0.0833333333333
2 0.352734375 0.542361111111 0.02578125 0.106944444444
2 0.383203125 0.521527777778 0.01640625 0.0875
1 0.705078125 0.515277777778 0.01171875 0.025
1 0.82265625 0.506944444444 0.0109375 0.025
0 0.2328125 0.5125 0.0109375 0.025
0 0.333203125 0.520833333333 0.01328125 0.025
2 0.453125 0.498611111111 0.009375 0.0222222222222
2 0.569921875 0.498611111111 0.00859375 0.0194444444444
0 0.091796875 0.510416666667 0.01015625 0.0208333333333
