1 0.048046875 0.575 0.02421875 0.0416666666667
1 0.298828125 0.578472222222 0.02109375 0.0430555555556
1 0.58203125 0.704166666667 0.04375 0.0916666666667
1 0.539453125 0.565972222222 0.01796875 0.0402777777778
1 0.69609375 0.547222222222 0.0171875 0.0361111111111
0 0.685546875 0.606944444444 0.03046875 0.0555555555556
0 0.9078125 0.5625 0.01875 0.0416666666667
2 0.1421875 0.545833333333 0.0328125 0.1
1 0.741015625 0.528472222222 0.01171875 0.0263888888889
1 0.726953125 0.517361111111 0.01015625 0.0263888888889
1 0.6640625 0.506944444444 0.009375 0.0194444444444
1 0.5796875 0.502777777778 0.0078125 0.0166666666667
1 0.090234375 0.513888888889 0.01015625 0.0222222222222
1 0.1984375 0.507638888889 0.00625 0.0180555555556
1 0.30625 0.504166666667 0.0078125 0.0166666666667
1 0.407421875 0.501388888889 0.00703125 0.0166666666667
1 0.493359375 0.502083333333 0.00703125 0.0152777777778
0 0.866015625 0.513194444444 0.01015625 0.0236111111111
0 0.755859375 0.502777777778 0.00859375 0.0194444444444
0 0.924609375 0.532638888889 0.01328125 0.0291666666667
0 0.636328125 0.497222222222 0.00546875 0.0138888888889
0 0.148046875 0.504166666667 0.00703125 0.0166666666667
