1 0.751171875 0.84375 0.07265625 0.151388888889
1 0.301953125 0.548611111111 0.01640625 0.0333333333333
1 0.337109375 0.623611111111 0.03203125 0.0611111111111
1 0.437109375 0.53125 0.01328125 0.0291666666667
1 0.07734375 0.563888888889 0.0171875 0.0388888888889
0 0.41953125 0.568055555556 0.0203125 0.0416666666667
0 0.592578125 0.536111111111 0.01484375 0.0305555555556
2 0.65703125 0.570138888889 0.0203125 0.0430555555556
2 0.687890625 0.621527777778 0.02578125 0.0625
1 0.415625 0.502083333333 0.0078125 0.0180555555556
1 0.46796875 0.509027777778 0.0078125 0.0208333333333
1 0.47734375 0.517361111111 0.0078125 0.0236111111111
1 0.0484375 0.502083333333 0.00625 0.0152777777778
1 0.1625 0.5 0.00625 0.0166666666667
1 0.253125 0.499305555556 0.00625 0.0152777777778
1 0.337890625 0.5 0.00546875 0.0166666666667
0 0.495703125 0.497916666667 0.00546875 0.0152777777778
0 0.5796875 0.504861111111 0.0078125 0.0180555555556
0 0.616015625 0.515972222222 0.01015625 0.0236111111111
0 0.02578125 0.499305555556 0.00625 0.0152777777778
