0 0.31875 0.557638888889 0.0171875 0.0375
0 0.4671875 0.528472222222 0.0125 0.0263888888889
1 0.593359375 0.695833333333 0.04296875 0.0888888888889
1 0.198828125 0.543055555556 0.01484375 0.0333333333333
1 0.2625 0.597222222222 0.025 0.05
2 0.524609375 0.552777777778 0.01328125 0.0361111111111
2 0.551953125 0.586111111111 0.02109375 0.05
0 0.451953125 0.502777777778 0.00703125 0.0166666666667
0 0.486328125 0.511805555556 0.00703125 0.0180555555556
0 0.152734375 0.497916666667 0.00546875 0.0125
1 0.211328125 0.501388888889 0.00703125 0.0166666666667
1 0.29140625 0.502083333333 0.00625 0.0152777777778
1 0.345703125 0.508333333333 0.00703125 0.0194444444444
1 0.3578125 0.514583333333 0.0078125 0.0236111111111
1 0.323046875 0.527083333333 0.01015625 0.0236111111111
1 0.020703125 0.505555555556 0.00703125 0.0138888888889
1 0.119921875 0.502777777778 0.00703125 0.0166666666667
0 0.263671875 0.495138888889 0.00546875 0.0152777777778
