0 0.1484375 0.642361111111 0.0375 0.0708333333333
0 0.544140625 0.633333333333 0.02890625 0.0638888888889
0 0.819140625 0.597916666667 0.02734375 0.0541666666667
0 0.898828125 0.56875 0.01796875 0.0430555555556
2 0.85625 0.548611111111 0.0390625 0.116666666667
2 0.71171875 0.570138888889 0.04375 0.140277777778
0 0.81875 0.518055555556 0.0125 0.0277777777778
0 0.892578125 0.539583333333 0.01484375 0.0319444444444
0 0.255078125 0.504166666667 0.00859375 0.0194444444444
0 0.370703125 0.5 0.00703125 0.0194444444444
0 0.484375 0.497222222222 0.00625 0.0166666666667
0 0.012890625 0.525 0.01015625 0.0277777777778
0 0.1359375 0.511805555556 0.009375 0.0236111111111
1 0.06328125 0.507638888889 0.0078125 0.0208333333333
1 0.21796875 0.497916666667 0.00625 0.0180555555556
1 0.963671875 0.516666666667 0.01171875 0.025
1 0.787890625 0.500694444444 0.00703125 0.0180555555556
1 0.499609375 0.491666666667 0.00703125 0.0166666666667
1 0.654296875 0.495138888889 0.00703125 0.0180555555556
0 0.606640625 0.501388888889 0.00703125 0.0166666666667
