2 0.21796875 0.540972222222 0.03125 0.106944444444
2 0.347265625 0.559027777778 0.03671875 0.126388888889
0 0.13671875 0.510416666667 0.0109375 0.0236111111111
1 0.16796875 0.530555555556 0.0140625 0.0333333333333
1 0.153515625 0.55625 0.01796875 0.0375
1 0.2515625 0.586111111111 0.025 0.05
1 0.53515625 0.615277777778 0.025 0.0611111111111
1 0.879296875 0.614583333333 0.03203125 0.0625
1 0.877734375 0.505555555556 0.00859375 0.0222222222222
1 0.765234375 0.501388888889 0.00703125 0.0166666666667
1 0.55234375 0.497222222222 0.0078125 0.0166666666667
1 0.662890625 0.497916666667 0.00703125 0.0180555555556
1 0.258203125 0.513888888889 0.01015625 0.0222222222222
1 0.443359375 0.5 0.00859375 0.0194444444444
0 0.95078125 0.5 0.0078125 0.0194444444444
0 0.803515625 0.495138888889 0.00703125 0.0180555555556
0 0.535546875 0.491666666667 0.00546875 0.0166666666667
0 0.397265625 0.494444444444 0.00703125 0.0166666666667
