0 0.449609375 0.668055555556 0.03359375 0.0777777777778
0 0.75546875 0.613888888889 0.0296875 0.0611111111111
0 0.828515625 0.577083333333 0.01796875 0.0458333333333
0 0.81796875 0.545138888889 0.0140625 0.0375
2 0.6390625 0.588194444444 0.0453125 0.154166666667
2 0.78984375 0.558333333333 0.0359375 0.125
1 0.096875 0.503472222222 0.009375 0.0208333333333
1 0.262109375 0.496527777778 0.00703125 0.0180555555556
1 0.41015625 0.494444444444 0.00625 0.0166666666667
1 0.570703125 0.495833333333 0.00703125 0.0194444444444
1 0.70546875 0.501388888889 0.0078125 0.0194444444444
1 0.8796875 0.517361111111 0.0109375 0.0263888888889
0 0.137109375 0.509722222222 0.00859375 0.0222222222222
0 0.270703125 0.504861111111 0.00859375 0.0208333333333
0 0.393359375 0.501388888889 0.00703125 0.0194444444444
0 0.521875 0.504166666667 0.00625 0.0194444444444
0 0.625390625 0.509027777778 0.01015625 0.0236111111111
0 0.739453125 0.520138888889 0.01171875 0.0263888888889
