2 0.934375 0.775 0.1109375 0.366666666667
2 0.215234375 0.560416666667 0.01796875 0.0375
2 0.233984375 0.536111111111 0.01328125 0.0305555555556
2 0.4125 0.529166666667 0.0109375 0.0277777777778
2 0.4375 0.552083333333 0.0140625 0.0347222222222
0 0.4984375 0.584722222222 0.021875 0.0472222222222
0 0.712109375 0.538888888889 0.01328125 0.0333333333333
1 0.18203125 0.601388888889 0.0234375 0.0527777777778
1 0.728515625 0.703472222222 0.03671875 0.0958333333333
1 0.75546875 0.599305555556 0.021875 0.0569444444444
1 0.895703125 0.559722222222 0.01953125 0.0416666666667
0 0.881640625 0.527777777778 0.01484375 0.0305555555556
