2 0.514453125 0.585416666667 0.02421875 0.0486111111111
2 0.555859375 0.548611111111 0.01640625 0.0361111111111
0 0.515625 0.683333333333 0.0421875 0.0805555555556
0 0.797265625 0.591666666667 0.02734375 0.05
0 0.880859375 0.532638888889 0.01640625 0.0319444444444
1 0.769140625 0.55 0.01796875 0.0361111111111
0 0.744140625 0.519444444444 0.00859375 0.025
0 0.704296875 0.507638888889 0.00703125 0.0208333333333
0 0.72265625 0.498611111111 0.00625 0.0166666666667
0 0.779296875 0.49375 0.00703125 0.0152777777778
0 0.851953125 0.489583333333 0.00703125 0.0152777777778
1 0.575390625 0.508333333333 0.00859375 0.0222222222222
1 0.59921875 0.523611111111 0.009375 0.0277777777778
1 0.623828125 0.497222222222 0.00703125 0.0166666666667
1 0.910546875 0.484722222222 0.00703125 0.0166666666667
