1 0.962890625 0.738888888889 0.05546875 0.108333333333
1 0.69453125 0.609722222222 0.021875 0.0555555555556
1 0.686328125 0.560416666667 0.01328125 0.0402777777778
1 0.437890625 0.527083333333 0.01328125 0.0291666666667
1 0.9015625 0.522916666667 0.0125 0.0319444444444
0 0.14375 0.731944444444 0.0546875 0.0972222222222
0 0.355859375 0.613888888889 0.02265625 0.0583333333333
0 0.615625 0.527083333333 0.009375 0.0291666666667
0 0.296875 0.545138888889 0.0140625 0.0319444444444
2 0.28046875 0.597916666667 0.05 0.156944444444
2 0.349609375 0.554166666667 0.03046875 0.116666666667
2 0.763671875 0.595833333333 0.04296875 0.161111111111
2 0.7046875 0.554861111111 0.0234375 0.115277777778
1 0.100390625 0.513194444444 0.01171875 0.0236111111111
1 0.3046875 0.515277777778 0.0078125 0.025
0 0.180078125 0.530555555556 0.01484375 0.0305555555556
0 0.0125 0.527777777778 0.0171875 0.0333333333333
0 0.79140625 0.510416666667 0.0109375 0.0263888888889
2 0.4515625 0.5125 0.009375 0.0222222222222
2 0.46015625 0.501388888889 0.0078125 0.0222222222222
2 0.580859375 0.502083333333 0.00703125 0.0208333333333
2 0.58984375 0.5125 0.0078125 0.025
