1 0.1265625 0.589583333333 0.0234375 0.0458333333333
1 0.607421875 0.652777777778 0.02890625 0.0722222222222
1 0.6421875 0.578472222222 0.0203125 0.0458333333333
1 0.815234375 0.85 0.07421875 0.15
0 0.419921875 0.571527777778 0.01796875 0.0430555555556
0 0.6140625 0.533333333333 0.0140625 0.0305555555556
2 0.14921875 0.55625 0.0171875 0.0347222222222
2 0.16171875 0.536111111111 0.0125 0.0277777777778
2 0.3375 0.526388888889 0.009375 0.0277777777778
2 0.36171875 0.545833333333 0.0125 0.0333333333333
2 0.725390625 0.675694444444 0.06953125 0.256944444444
1 0.884375 0.538194444444 0.0140625 0.0319444444444
1 0.767578125 0.549305555556 0.01640625 0.0347222222222
0 0.96171875 0.518055555556 0.0109375 0.025
