2 0.35078125 0.544444444444 0.0265625 0.108333333333
2 0.382421875 0.520833333333 0.01640625 0.0833333333333
2 0.670703125 0.543055555556 0.02578125 0.108333333333
2 0.64453125 0.522222222222 0.015625 0.0861111111111
1 0.09609375 0.888888888889 0.08125 0.161111111111
1 0.762890625 0.611111111111 0.03203125 0.0611111111111
1 0.63125 0.558333333333 0.0125 0.0416666666667
1 0.44375 0.510416666667 0.0078125 0.0263888888889
1 0.7078125 0.515972222222 0.009375 0.0263888888889
0 0.28828125 0.609027777778 0.0296875 0.0569444444444
0 0.39609375 0.560416666667 0.0125 0.0402777777778
0 0.591015625 0.511111111111 0.00859375 0.025
2 0.452734375 0.499305555556 0.00703125 0.0208333333333
2 0.571484375 0.5 0.01015625 0.0194444444444
0 0.23203125 0.5125 0.0125 0.025
0 0.3328125 0.522222222222 0.0140625 0.0277777777778
0 0.08984375 0.511111111111 0.0109375 0.0222222222222
