2 0.85390625 0.665277777778 0.0703125 0.238888888889
2 0.7359375 0.5875 0.0421875 0.152777777778
2 0.278125 0.590277777778 0.046875 0.158333333333
2 0.15078125 0.677083333333 0.0828125 0.245833333333
0 0.277734375 0.672222222222 0.03671875 0.0833333333333
0 0.298046875 0.604861111111 0.01796875 0.0569444444444
0 0.23359375 0.564583333333 0.021875 0.0402777777778
0 0.103125 0.545833333333 0.01875 0.0333333333333
0 0.61171875 0.538888888889 0.015625 0.0333333333333
1 0.735546875 0.66875 0.03515625 0.0791666666667
1 0.70703125 0.588194444444 0.021875 0.0541666666667
1 0.40703125 0.539583333333 0.015625 0.0347222222222
1 0.78671875 0.550694444444 0.015625 0.0402777777778
1 0.93515625 0.535416666667 0.0171875 0.0347222222222
0 0.96875 0.513194444444 0.0109375 0.0236111111111
0 0.803515625 0.51875 0.01171875 0.0263888888889
1 0.255859375 0.525694444444 0.01328125 0.0263888888889
1 0.025390625 0.522916666667 0.01328125 0.0263888888889
2 0.425 0.520833333333 0.0109375 0.0277777777778
2 0.4359375 0.508333333333 0.0109375 0.0222222222222
2 0.56796875 0.506944444444 0.009375 0.0222222222222
2 0.58046875 0.520138888889 0.0109375 0.0263888888889
