1 0.855859375 0.543055555556 0.01953125 0.0361111111111
0 0.874609375 0.577777777778 0.02421875 0.0472222222222
0 0.612109375 0.640277777778 0.03359375 0.0666666666667
0 0.182421875 0.91875 0.09296875 0.1625
2 0.612109375 0.567361111111 0.02265625 0.0402777777778
2 0.6515625 0.538888888889 0.015625 0.0333333333333
1 0.67109375 0.504166666667 0.0078125 0.0194444444444
1 0.69296875 0.518055555556 0.0125 0.025
1 0.719921875 0.491666666667 0.00546875 0.0166666666667
0 0.8 0.504166666667 0.0078125 0.0194444444444
0 0.819921875 0.495833333333 0.00703125 0.0166666666667
0 0.8375 0.513888888889 0.009375 0.025
0 0.973046875 0.529166666667 0.01171875 0.0305555555556
0 0.879296875 0.490972222222 0.00859375 0.0180555555556
0 0.95625 0.488888888889 0.00625 0.0166666666667
