2 0.056640625 0.736111111111 0.11015625 0.316666666667
2 0.238671875 0.611805555556 0.05234375 0.179166666667
2 0.762109375 0.606944444444 0.04765625 0.175
2 0.923046875 0.711805555556 0.10546875 0.304166666667
0 0.23046875 0.713888888889 0.0484375 0.0944444444444
0 0.265625 0.622916666667 0.021875 0.0625
0 0.202734375 0.576388888889 0.02265625 0.0472222222222
0 0.066015625 0.554166666667 0.01953125 0.0361111111111
0 0.61328125 0.545138888889 0.015625 0.0347222222222
1 0.766796875 0.701388888889 0.04453125 0.0944444444444
1 0.721484375 0.601388888889 0.02734375 0.0555555555556
1 0.801171875 0.558333333333 0.01796875 0.0416666666667
1 0.394921875 0.546527777778 0.01484375 0.0375
1 0.956640625 0.539583333333 0.01796875 0.0347222222222
0 0.98515625 0.517361111111 0.0140625 0.0263888888889
0 0.812890625 0.522222222222 0.01171875 0.0277777777778
2 0.414453125 0.525 0.01171875 0.0277777777778
2 0.426953125 0.511111111111 0.01015625 0.0222222222222
2 0.565234375 0.509027777778 0.01015625 0.0236111111111
2 0.57890625 0.523611111111 0.0109375 0.0277777777778
