2 0.615625 0.594444444444 0.046875 0.158333333333
2 0.76875 0.561805555556 0.0359375 0.129166666667
0 0.417578125 0.681944444444 0.03671875 0.0833333333333
0 0.734765625 0.619444444444 0.02890625 0.0638888888889
0 0.80703125 0.579166666667 0.0171875 0.0472222222222
0 0.794921875 0.545833333333 0.01328125 0.0361111111111
0 0.098828125 0.515972222222 0.01015625 0.0236111111111
0 0.2375 0.508333333333 0.009375 0.0222222222222
0 0.3640625 0.505555555556 0.0078125 0.0222222222222
0 0.495703125 0.505555555556 0.00859375 0.0194444444444
0 0.71484375 0.521527777778 0.0109375 0.0263888888889
0 0.6 0.510416666667 0.009375 0.0236111111111
1 0.05703125 0.508333333333 0.009375 0.0194444444444
1 0.22890625 0.5 0.00625 0.0194444444444
1 0.381640625 0.497916666667 0.00703125 0.0180555555556
1 0.5453125 0.498611111111 0.0078125 0.0166666666667
1 0.68046875 0.503472222222 0.009375 0.0208333333333
1 0.8546875 0.517361111111 0.009375 0.0263888888889
1 0.99296875 0.538888888889 0.0140625 0.0333333333333
