0 0.28515625 0.611805555556 0.025 0.0541666666667
0 0.394921875 0.561111111111 0.01171875 0.0416666666667
0 0.592578125 0.511111111111 0.00859375 0.025
1 0.08046875 0.909722222222 0.0828125 0.169444444444
1 0.76875 0.613194444444 0.028125 0.0569444444444
1 0.633984375 0.558333333333 0.01328125 0.0388888888889
1 0.444140625 0.509722222222 0.01015625 0.025
1 0.710546875 0.515972222222 0.01015625 0.0263888888889
2 0.675390625 0.544444444444 0.02890625 0.105555555556
2 0.647265625 0.521527777778 0.01640625 0.0875
2 0.350390625 0.545138888889 0.02578125 0.106944444444
2 0.382421875 0.522222222222 0.01640625 0.0888888888889
0 0.08828125 0.510416666667 0.0109375 0.0236111111111
0 0.23125 0.5125 0.0125 0.025
0 0.3328125 0.521527777778 0.0125 0.0291666666667
1 0.829296875 0.507638888889 0.01015625 0.0236111111111
1 0.15078125 0.5 0.0078125 0.0194444444444
2 0.453515625 0.499305555556 0.00859375 0.0180555555556
2 0.57265625 0.5 0.0078125 0.0194444444444
1 0.9359375 0.504861111111 0.0109375 0.0263888888889
