2 0.940625 0.738888888889 0.115625 0.322222222222
0 0.117578125 0.730555555556 0.04609375 0.0944444444444
0 0.082421875 0.633333333333 0.03203125 0.0611111111111
0 0.63203125 0.578472222222 0.0203125 0.0430555555556
0 0.864453125 0.544444444444 0.01640625 0.0305555555556
2 0.387890625 0.548611111111 0.01640625 0.0333333333333
2 0.584765625 0.547916666667 0.01328125 0.0319444444444
1 0.815625 0.684722222222 0.0375 0.0833333333333
1 0.88515625 0.601388888889 0.0234375 0.0555555555556
1 0.168359375 0.558333333333 0.01953125 0.0361111111111
1 0.356640625 0.580555555556 0.01953125 0.0444444444444
2 0.407421875 0.529166666667 0.01015625 0.0277777777778
2 0.567578125 0.526388888889 0.01015625 0.025
