1 0.930859375 0.539583333333 0.01484375 0.0347222222222
0 0.74765625 0.579166666667 0.0171875 0.0472222222222
0 0.73828125 0.545138888889 0.0140625 0.0375
0 0.671484375 0.61875 0.02890625 0.0625
0 0.342578125 0.6875 0.03671875 0.0861111111111
1 0.8 0.516666666667 0.0125 0.025
2 0.55234375 0.595833333333 0.0484375 0.166666666667
2 0.7078125 0.560416666667 0.0359375 0.129166666667
2 0.98046875 0.523611111111 0.015625 0.0305555555556
1 0.173828125 0.500694444444 0.00703125 0.0180555555556
1 0.332421875 0.497222222222 0.00703125 0.0194444444444
1 0.4984375 0.497916666667 0.00625 0.0180555555556
1 0.631640625 0.501388888889 0.00859375 0.0194444444444
0 0.034375 0.516666666667 0.009375 0.025
0 0.18125 0.509027777778 0.009375 0.0208333333333
0 0.313671875 0.50625 0.00859375 0.0208333333333
0 0.447265625 0.506944444444 0.00859375 0.0222222222222
0 0.662890625 0.522222222222 0.01171875 0.0277777777778
