2 0.87578125 0.601388888889 0.0265625 0.0555555555556
2 0.95078125 0.688888888889 0.040625 0.0861111111111
2 0.064453125 0.543055555556 0.03203125 0.0972222222222
0 0.578125 0.590972222222 0.0234375 0.0513888888889
0 0.777734375 0.552777777778 0.01640625 0.0361111111111
1 0.221484375 0.572916666667 0.01640625 0.0402777777778
1 0.483984375 0.663888888889 0.03671875 0.075
1 0.450390625 0.559722222222 0.01640625 0.0388888888889
1 0.59609375 0.540972222222 0.0140625 0.0319444444444
0 0.65703125 0.502777777778 0.0078125 0.0166666666667
0 0.752734375 0.5125 0.00859375 0.0194444444444
0 0.8 0.526388888889 0.0125 0.025
0 0.05234375 0.502083333333 0.0078125 0.0180555555556
0 0.200390625 0.498611111111 0.00703125 0.0166666666667
0 0.545703125 0.496527777778 0.00703125 0.0152777777778
1 0.628125 0.515277777778 0.009375 0.0222222222222
1 0.639453125 0.525694444444 0.01015625 0.0263888888889
1 0.57109375 0.507638888889 0.0078125 0.0180555555556
1 0.491796875 0.502777777778 0.00859375 0.0166666666667
1 0.10703125 0.507638888889 0.0078125 0.0180555555556
1 0.219140625 0.503472222222 0.00703125 0.0180555555556
1 0.408203125 0.502083333333 0.00703125 0.0152777777778
