1 0.226171875 0.742361111111 0.05703125 0.106944444444
1 0.7109375 0.584027777778 0.0234375 0.0458333333333
1 0.60703125 0.545833333333 0.0109375 0.0361111111111
0 0.859375 0.747916666667 0.0515625 0.1125
0 0.313671875 0.584722222222 0.02421875 0.0472222222222
0 0.39921875 0.547222222222 0.0109375 0.0361111111111
0 0.025 0.644444444444 0.0328125 0.0694444444444
2 0.639453125 0.53125 0.01953125 0.0902777777778
2 0.61953125 0.514583333333 0.0140625 0.0763888888889
2 0.361328125 0.531944444444 0.02109375 0.0944444444444
2 0.38671875 0.514583333333 0.0140625 0.0763888888889
1 0.438671875 0.504861111111 0.01015625 0.0236111111111
1 0.682421875 0.509722222222 0.01171875 0.025
0 0.57578125 0.506944444444 0.009375 0.0222222222222
0 0.242578125 0.508333333333 0.01015625 0.0222222222222
0 0.3375 0.515277777778 0.0109375 0.025
0 0.108203125 0.50625 0.01015625 0.0208333333333
2 0.446875 0.498611111111 0.00625 0.0194444444444
2 0.5578125 0.498611111111 0.0078125 0.0166666666667
