2 0.432421875 0.547916666667 0.01640625 0.0347222222222
2 0.45 0.58125 0.01875 0.0486111111111
0 0.380078125 0.525694444444 0.01328125 0.0291666666667
0 0.22109375 0.554861111111 0.01875 0.0375
1 0.09765625 0.543055555556 0.0171875 0.0333333333333
1 0.15546875 0.595138888889 0.0265625 0.0513888888889
1 0.465625 0.683333333333 0.0421875 0.0861111111111
1 0.231640625 0.524305555556 0.01171875 0.0263888888889
1 0.019921875 0.501388888889 0.00859375 0.0166666666667
1 0.118359375 0.5 0.00703125 0.0166666666667
1 0.20390625 0.501388888889 0.0078125 0.0166666666667
1 0.26015625 0.505555555556 0.009375 0.0194444444444
1 0.269921875 0.5125 0.00859375 0.0222222222222
0 0.287109375 0.495138888889 0.00703125 0.0152777777778
0 0.36953125 0.5 0.0078125 0.0166666666667
0 0.40234375 0.509722222222 0.009375 0.0194444444444
0 0.056640625 0.496527777778 0.00703125 0.0152777777778
