2 0.303125 0.563888888889 0.034375 0.125
2 0.446875 0.591666666667 0.04375 0.155555555556
1 0.266796875 0.543055555556 0.01328125 0.0333333333333
1 0.2421875 0.576388888889 0.01875 0.0444444444444
1 0.3359375 0.619444444444 0.028125 0.0583333333333
1 0.68359375 0.672916666667 0.03125 0.0791666666667
0 0.0796875 0.548611111111 0.0171875 0.0333333333333
1 0.92890625 0.5125 0.0109375 0.0222222222222
1 0.36328125 0.523611111111 0.0109375 0.025
1 0.8046875 0.508333333333 0.0078125 0.0194444444444
1 0.678515625 0.507638888889 0.00859375 0.0180555555556
1 0.559375 0.509027777778 0.009375 0.0208333333333
0 0.244921875 0.518055555556 0.00859375 0.0222222222222
0 0.972265625 0.506944444444 0.00859375 0.0194444444444
0 0.510546875 0.502083333333 0.00703125 0.0180555555556
0 0.658203125 0.500694444444 0.00703125 0.0180555555556
2 0.0078125 0.534722222222 0.0125 0.0277777777778
