1 0.1109375 0.533333333333 0.0140625 0.0305555555556
1 0.1015625 0.558333333333 0.0203125 0.0388888888889
1 0.20234375 0.582638888889 0.025 0.0486111111111
1 0.472265625 0.602777777778 0.02265625 0.0555555555556
1 0.77890625 0.598611111111 0.028125 0.0583333333333
2 0.168359375 0.542361111111 0.02578125 0.106944444444
2 0.296484375 0.557638888889 0.03359375 0.118055555556
0 0.075390625 0.513194444444 0.01171875 0.0236111111111
1 0.98984375 0.574305555556 0.0203125 0.0458333333333
1 0.908203125 0.5125 0.01328125 0.025
1 0.694140625 0.500694444444 0.00859375 0.0180555555556
1 0.796875 0.504861111111 0.0078125 0.0208333333333
1 0.2 0.515972222222 0.0109375 0.0208333333333
1 0.28125 0.508333333333 0.009375 0.0194444444444
1 0.384765625 0.501388888889 0.00703125 0.0194444444444
1 0.4921875 0.498611111111 0.0078125 0.0166666666667
1 0.5984375 0.498611111111 0.0078125 0.0194444444444
0 0.8640625 0.498611111111 0.0078125 0.0194444444444
0 0.730859375 0.495138888889 0.00546875 0.0152777777778
0 0.60625 0.492361111111 0.00625 0.0152777777778
0 0.3390625 0.496527777778 0.00625 0.0152777777778
0 0.476171875 0.493055555556 0.00703125 0.0166666666667
