0 0.748046875 0.660416666667 0.03671875 0.0763888888889
0 0.1109375 0.599305555556 0.028125 0.0513888888889
0 0.33203125 0.559722222222 0.0203125 0.0388888888889
0 0.401171875 0.53125 0.01171875 0.0319444444444
1 0.29296875 0.654861111111 0.0375 0.0708333333333
1 0.894140625 0.597222222222 0.02265625 0.0527777777778
1 0.668359375 0.561111111111 0.01796875 0.0388888888889
1 0.58515625 0.531944444444 0.0109375 0.0305555555556
2 0.09375 0.895833333333 0.0890625 0.163888888889
2 0.612109375 0.51875 0.01796875 0.0763888888889
2 0.595703125 0.504166666667 0.01328125 0.0694444444444
2 0.36953125 0.518055555556 0.0203125 0.0805555555556
2 0.390625 0.504166666667 0.0140625 0.0694444444444
1 0.433203125 0.497916666667 0.00859375 0.0208333333333
1 0.65625 0.504166666667 0.009375 0.025
0 0.2515625 0.499305555556 0.009375 0.0208333333333
0 0.341796875 0.506944444444 0.01015625 0.0222222222222
0 0.559765625 0.499305555556 0.00859375 0.0208333333333
0 0.12578125 0.497916666667 0.0078125 0.0208333333333
