2 0.589453125 0.620138888889 0.05078125 0.190277777778
2 0.859375 0.728472222222 0.090625 0.315277777778
2 0.2625 0.520833333333 0.009375 0.025
2 0.2890625 0.536805555556 0.0109375 0.0291666666667
2 0.08125 0.546527777778 0.0140625 0.0319444444444
2 0.08828125 0.529166666667 0.009375 0.0277777777778
1 0.54453125 0.559027777778 0.0171875 0.0402777777778
1 0.507421875 0.613888888889 0.02421875 0.0638888888889
1 0.63828125 0.726388888889 0.0484375 0.102777777778
1 0.069140625 0.575694444444 0.01796875 0.0458333333333
0 0.3453125 0.557638888889 0.015625 0.0375
0 0.52421875 0.522222222222 0.0109375 0.025
1 0.659765625 0.534027777778 0.01484375 0.0319444444444
1 0.76171875 0.525 0.0140625 0.0277777777778
1 0.90859375 0.520833333333 0.0125 0.0277777777778
0 0.66328125 0.5125 0.009375 0.0222222222222
0 0.83515625 0.507638888889 0.009375 0.0208333333333
