2 0.36640625 0.523611111111 0.0234375 0.0888888888889
2 0.3890625 0.509722222222 0.01875 0.075
2 0.626171875 0.524305555556 0.02421875 0.0875
2 0.60625 0.509027777778 0.0203125 0.0736111111111
0 0.794921875 0.697916666667 0.04296875 0.0930555555556
0 0.3234375 0.570138888889 0.0171875 0.0458333333333
0 0.40078125 0.538194444444 0.0125 0.0347222222222
0 0.073046875 0.61875 0.03203125 0.0625
1 0.26484375 0.690277777778 0.04375 0.0916666666667
1 0.946875 0.616666666667 0.0296875 0.0638888888889
1 0.6890625 0.570833333333 0.0203125 0.0444444444444
1 0.595703125 0.5375 0.01171875 0.0333333333333
0 0.340234375 0.509722222222 0.01171875 0.025
0 0.5671875 0.500694444444 0.009375 0.0208333333333
1 0.436328125 0.500694444444 0.00859375 0.0208333333333
1 0.668359375 0.50625 0.01015625 0.0236111111111
0 0.117578125 0.5 0.01015625 0.0194444444444
0 0.24765625 0.502777777778 0.009375 0.0222222222222
