2 0.26953125 0.60625 0.05 0.173611111111
2 0.340234375 0.558333333333 0.03203125 0.119444444444
2 0.773828125 0.604166666667 0.04609375 0.169444444444
2 0.707421875 0.55625 0.02578125 0.123611111111
0 0.121484375 0.747916666667 0.05703125 0.104166666667
0 0.3484375 0.618055555556 0.0265625 0.0583333333333
0 0.2890625 0.546527777778 0.015625 0.0375
0 0.61640625 0.528472222222 0.0125 0.0291666666667
1 0.98046875 0.759027777778 0.0390625 0.115277777778
1 0.69921875 0.618055555556 0.0234375 0.0611111111111
1 0.688671875 0.564583333333 0.01328125 0.0430555555556
1 0.434375 0.527083333333 0.0109375 0.0291666666667
1 0.906640625 0.525 0.01328125 0.0305555555556
2 0.4484375 0.513194444444 0.009375 0.0208333333333
2 0.458203125 0.502083333333 0.00859375 0.0208333333333
2 0.579296875 0.502083333333 0.01015625 0.0208333333333
2 0.5890625 0.5125 0.009375 0.025
0 0.17265625 0.530555555556 0.015625 0.0305555555556
0 0.793359375 0.513194444444 0.01171875 0.0236111111111
1 0.0921875 0.513194444444 0.0125 0.0236111111111
1 0.29921875 0.516666666667 0.009375 0.025
