0 0.382421875 0.695833333333 0.03828125 0.0888888888889
0 0.7140625 0.625694444444 0.0296875 0.0652777777778
0 0.787109375 0.581944444444 0.01953125 0.0472222222222
0 0.77265625 0.547916666667 0.015625 0.0375
2 0.592578125 0.600694444444 0.04765625 0.170833333333
2 0.748046875 0.563888888889 0.03515625 0.130555555556
1 0.96953125 0.540972222222 0.015625 0.0347222222222
1 0.65625 0.501388888889 0.0078125 0.0194444444444
1 0.830078125 0.516666666667 0.01171875 0.025
1 0.353125 0.496527777778 0.0078125 0.0180555555556
1 0.519921875 0.497916666667 0.00859375 0.0180555555556
1 0.01484375 0.509027777778 0.0078125 0.0208333333333
1 0.194921875 0.501388888889 0.00703125 0.0194444444444
0 0.058203125 0.515972222222 0.01171875 0.0236111111111
0 0.203515625 0.509027777778 0.01015625 0.0208333333333
0 0.334765625 0.505555555556 0.00859375 0.0222222222222
0 0.46953125 0.506944444444 0.009375 0.0222222222222
0 0.575 0.511111111111 0.0078125 0.0222222222222
0 0.690625 0.523611111111 0.0109375 0.0277777777778
