1 0.78203125 0.549305555556 0.0171875 0.0347222222222
0 0.893359375 0.533333333333 0.01328125 0.0305555555556
0 0.807421875 0.586805555556 0.02421875 0.0486111111111
0 0.538671875 0.668055555556 0.03671875 0.0777777777778
2 0.534765625 0.579861111111 0.01953125 0.0458333333333
2 0.57578125 0.547222222222 0.0140625 0.0361111111111
1 0.59453125 0.509027777778 0.0078125 0.0180555555556
1 0.6171875 0.522916666667 0.0109375 0.0236111111111
1 0.641796875 0.497222222222 0.00546875 0.0138888888889
0 0.721875 0.508333333333 0.0078125 0.0222222222222
0 0.739453125 0.500694444444 0.00859375 0.0180555555556
0 0.759375 0.519444444444 0.0109375 0.0222222222222
0 0.795703125 0.495138888889 0.00703125 0.0152777777778
0 0.86953125 0.491666666667 0.00625 0.0138888888889
1 0.92890625 0.485416666667 0.00625 0.0152777777778
0 0.958203125 0.488888888889 0.00546875 0.0166666666667
