2 0.8640625 0.536805555556 0.03125 0.106944444444
0 0.362890625 0.784722222222 0.06015625 0.122222222222
0 0.726953125 0.574305555556 0.01953125 0.0458333333333
0 0.465625 0.570833333333 0.0203125 0.0444444444444
0 0.96171875 0.5625 0.0234375 0.0444444444444
1 0.307421875 0.627083333333 0.03203125 0.0625
1 0.0234375 0.579861111111 0.021875 0.0486111111111
1 0.112890625 0.517361111111 0.01015625 0.0236111111111
1 0.237109375 0.502083333333 0.00859375 0.0180555555556
1 0.3515625 0.492361111111 0.00625 0.0180555555556
1 0.583203125 0.484027777778 0.00546875 0.0152777777778
0 0.223828125 0.534027777778 0.01171875 0.0291666666667
0 0.25390625 0.515972222222 0.009375 0.0236111111111
0 0.276171875 0.550694444444 0.01640625 0.0347222222222
0 0.326171875 0.504166666667 0.00703125 0.0222222222222
0 0.408203125 0.496527777778 0.00703125 0.0180555555556
0 0.496484375 0.492361111111 0.00703125 0.0180555555556
0 0.59140625 0.490277777778 0.00625 0.0166666666667
0 0.69140625 0.490277777778 0.00625 0.0166666666667
0 0.807421875 0.492361111111 0.00703125 0.0180555555556
0 0.905859375 0.497222222222 0.00859375 0.0194444444444
