2 0.362109375 0.65625 0.05859375 0.231944444444
2 0.564453125 0.588888888889 0.03984375 0.158333333333
2 0.8296875 0.528472222222 0.0125 0.0291666666667
1 0.788671875 0.547916666667 0.01328125 0.0375
1 0.65234375 0.523611111111 0.0125 0.0277777777778
0 0.525390625 0.671527777778 0.03515625 0.0819444444444
0 0.609765625 0.604166666667 0.02109375 0.0555555555556
0 0.59375 0.559027777778 0.0171875 0.0430555555556
0 0.50859375 0.532638888889 0.015625 0.0319444444444
0 0.09921875 0.517361111111 0.0109375 0.0263888888889
0 0.265625 0.515277777778 0.0109375 0.025
0 0.38515625 0.519444444444 0.0109375 0.0277777777778
1 0.475390625 0.509027777778 0.00859375 0.0208333333333
1 0.129296875 0.506944444444 0.00859375 0.0222222222222
1 0.327734375 0.505555555556 0.00859375 0.0194444444444
