1 0.826171875 0.694444444444 0.03828125 0.0888888888889
1 0.89296875 0.604861111111 0.025 0.0569444444444
1 0.355078125 0.582638888889 0.01953125 0.0486111111111
1 0.1640625 0.559722222222 0.0203125 0.0361111111111
0 0.104296875 0.742361111111 0.04765625 0.101388888889
0 0.072265625 0.636805555556 0.03359375 0.0625
0 0.634765625 0.58125 0.01953125 0.0430555555556
0 0.86875 0.546527777778 0.0171875 0.0319444444444
2 0.954296875 0.753472222222 0.09140625 0.340277777778
2 0.3875 0.550694444444 0.0171875 0.0319444444444
2 0.586328125 0.548611111111 0.01328125 0.0333333333333
2 0.406640625 0.531944444444 0.01015625 0.0277777777778
2 0.568359375 0.528472222222 0.01328125 0.0263888888889
