0 0.096484375 0.575694444444 0.02578125 0.0458333333333
0 0.32890625 0.597222222222 0.028125 0.0555555555556
0 0.637109375 0.597222222222 0.02421875 0.0555555555556
0 0.882421875 0.575694444444 0.02421875 0.0486111111111
0 0.967578125 0.554861111111 0.01953125 0.0402777777778
1 0.09296875 0.690972222222 0.0484375 0.0875
2 0.921875 0.534722222222 0.0359375 0.102777777778
2 0.78125 0.549305555556 0.0390625 0.118055555556
0 0.040625 0.551388888889 0.0140625 0.0388888888889
0 0.089453125 0.527777777778 0.01171875 0.025
0 0.182421875 0.5125 0.01171875 0.0222222222222
0 0.2796875 0.502777777778 0.009375 0.0222222222222
0 0.379296875 0.497916666667 0.00859375 0.0180555555556
0 0.481640625 0.494444444444 0.00703125 0.0166666666667
0 0.5859375 0.49375 0.00625 0.0180555555556
0 0.702734375 0.495833333333 0.00703125 0.0194444444444
0 0.8 0.5 0.0078125 0.0222222222222
0 0.907421875 0.511805555556 0.01015625 0.0263888888889
1 0.076953125 0.509722222222 0.00703125 0.0222222222222
1 0.216796875 0.499305555556 0.00859375 0.0180555555556
1 0.75078125 0.490277777778 0.00625 0.0166666666667
1 0.88359375 0.495138888889 0.0078125 0.0208333333333
