2 0.72578125 0.569444444444 0.046875 0.136111111111
2 0.86875 0.548611111111 0.040625 0.116666666667
0 0.18125 0.636805555556 0.0359375 0.0680555555556
0 0.56171875 0.629861111111 0.03125 0.0652777777778
0 0.83125 0.595833333333 0.0296875 0.0527777777778
0 0.9109375 0.568055555556 0.0203125 0.0444444444444
0 0.833984375 0.51875 0.01328125 0.0263888888889
0 0.501171875 0.5 0.00703125 0.0166666666667
0 0.6234375 0.502083333333 0.0078125 0.0180555555556
0 0.0421875 0.524305555556 0.009375 0.0263888888889
0 0.1609375 0.513194444444 0.0078125 0.0208333333333
0 0.2765625 0.505555555556 0.0078125 0.0194444444444
0 0.390625 0.500694444444 0.0078125 0.0180555555556
1 0.090234375 0.50625 0.00859375 0.0208333333333
1 0.239453125 0.497916666667 0.00703125 0.0180555555556
1 0.38125 0.49375 0.0078125 0.0152777777778
1 0.516796875 0.493055555556 0.00703125 0.0166666666667
1 0.803515625 0.500694444444 0.00859375 0.0208333333333
1 0.980078125 0.518055555556 0.01328125 0.0277777777778
0 0.9078125 0.539583333333 0.0140625 0.0347222222222
