1 0.237109375 0.725 0.05234375 0.0972222222222
1 0.988671875 0.629861111111 0.02265625 0.0652777777778
1 0.7046875 0.579861111111 0.01875 0.0486111111111
1 0.60390625 0.543055555556 0.0109375 0.0361111111111
0 0.315234375 0.580555555556 0.02265625 0.0472222222222
0 0.4 0.54375 0.0125 0.0347222222222
0 0.038671875 0.635416666667 0.03203125 0.0652777777778
0 0.842578125 0.733333333333 0.04296875 0.105555555556
2 0.362890625 0.528472222222 0.02265625 0.0875
2 0.38828125 0.511805555556 0.0140625 0.0736111111111
2 0.636328125 0.529166666667 0.01796875 0.0888888888889
2 0.616015625 0.5125 0.01328125 0.075
1 0.437890625 0.503472222222 0.01015625 0.0208333333333
1 0.678515625 0.509027777778 0.01171875 0.0236111111111
0 0.5734375 0.504166666667 0.009375 0.0222222222222
0 0.243359375 0.505555555556 0.01015625 0.0222222222222
0 0.337890625 0.513888888889 0.01015625 0.025
0 0.1109375 0.504166666667 0.0109375 0.0222222222222
2 0.446484375 0.496527777778 0.00703125 0.0180555555556
2 0.555859375 0.496527777778 0.00703125 0.0180555555556
