0 0.047265625 0.54375 0.01796875 0.0347222222222
1 0.637890625 0.655555555556 0.03046875 0.075
1 0.2125 0.568055555556 0.0171875 0.0444444444444
1 0.308203125 0.608333333333 0.02734375 0.0555555555556
1 0.2359375 0.5375 0.0140625 0.0333333333333
2 0.275 0.55625 0.034375 0.120833333333
2 0.415625 0.582638888889 0.0421875 0.151388888889
0 0.2125 0.513194444444 0.0109375 0.0236111111111
0 0.3375 0.502777777778 0.0078125 0.0194444444444
0 0.923046875 0.501388888889 0.00859375 0.0194444444444
0 0.477734375 0.497222222222 0.00703125 0.0166666666667
1 0.88046875 0.508333333333 0.0109375 0.0222222222222
1 0.7640625 0.502777777778 0.0078125 0.0222222222222
1 0.641796875 0.502777777778 0.00859375 0.0194444444444
1 0.33203125 0.517361111111 0.0109375 0.0263888888889
1 0.52578125 0.503472222222 0.009375 0.0208333333333
