0 0.459765625 0.734722222222 0.05078125 0.1
0 0.7375 0.611805555556 0.028125 0.0569444444444
0 0.99140625 0.575694444444 0.0171875 0.0430555555556
2 0.745703125 0.559722222222 0.01953125 0.0416666666667
2 0.7859375 0.538888888889 0.0125 0.0305555555556
0 0.944921875 0.511805555556 0.00859375 0.0208333333333
0 0.9703125 0.504861111111 0.0078125 0.0180555555556
0 0.980859375 0.521527777778 0.01015625 0.0236111111111
1 0.8109375 0.509027777778 0.0078125 0.0208333333333
1 0.83046875 0.520833333333 0.0109375 0.0222222222222
1 0.864453125 0.5 0.00703125 0.0166666666667
1 0.9890625 0.545833333333 0.0125 0.0333333333333
