2 0.2234375 0.518055555556 0.009375 0.025
2 0.250390625 0.534027777778 0.01171875 0.0291666666667
2 0.54140625 0.606944444444 0.0484375 0.175
2 0.769140625 0.692361111111 0.07578125 0.268055555556
2 0.043359375 0.545138888889 0.01171875 0.0347222222222
2 0.04765625 0.527083333333 0.0109375 0.0291666666667
1 0.582421875 0.701388888889 0.04140625 0.0916666666667
1 0.465234375 0.601388888889 0.01953125 0.0666666666667
1 0.50234375 0.55625 0.015625 0.0402777777778
1 0.6125 0.532638888889 0.015625 0.0291666666667
1 0.033984375 0.572222222222 0.02265625 0.0444444444444
0 0.307421875 0.554166666667 0.01796875 0.0361111111111
0 0.483984375 0.520833333333 0.01015625 0.025
1 0.711328125 0.521527777778 0.01015625 0.0263888888889
1 0.8484375 0.518055555556 0.009375 0.025
0 0.78125 0.508333333333 0.009375 0.0222222222222
0 0.9765625 0.509027777778 0.009375 0.0208333333333
