1 0.75703125 0.69375 0.0390625 0.0875
1 0.717578125 0.596527777778 0.02265625 0.0541666666667
1 0.797265625 0.554861111111 0.01953125 0.0402777777778
1 0.95078125 0.5375 0.01875 0.0361111111111
1 0.3984375 0.54375 0.0171875 0.0375
0 0.244921875 0.701388888889 0.04765625 0.0916666666667
0 0.27578125 0.617361111111 0.021875 0.0597222222222
0 0.21171875 0.572222222222 0.021875 0.0444444444444
0 0.6140625 0.542361111111 0.0171875 0.0347222222222
0 0.076953125 0.551388888889 0.02109375 0.0361111111111
2 0.898828125 0.697222222222 0.09140625 0.280555555556
2 0.753125 0.598611111111 0.0453125 0.169444444444
2 0.084375 0.709722222222 0.096875 0.291666666667
2 0.25 0.604166666667 0.0515625 0.172222222222
2 0.416796875 0.522222222222 0.01015625 0.0277777777778
2 0.4296875 0.509722222222 0.009375 0.025
2 0.565625 0.507638888889 0.009375 0.0236111111111
2 0.57890625 0.522916666667 0.009375 0.0263888888889
0 0.81015625 0.51875 0.0109375 0.0263888888889
0 0.98046875 0.515277777778 0.0109375 0.025
1 0.23984375 0.529166666667 0.009375 0.0277777777778
