0 0.56171875 0.657638888889 0.0359375 0.0736111111111
0 0.826171875 0.583333333333 0.02578125 0.05
0 0.91484375 0.531944444444 0.015625 0.0305555555556
2 0.559375 0.574305555556 0.021875 0.0458333333333
2 0.59765625 0.54375 0.0140625 0.0347222222222
1 0.802734375 0.546527777778 0.01640625 0.0347222222222
0 0.74375 0.50625 0.0078125 0.0208333333333
0 0.7625 0.497916666667 0.0078125 0.0180555555556
0 0.781640625 0.516666666667 0.01015625 0.025
0 0.81953125 0.493055555556 0.00625 0.0166666666667
0 0.893359375 0.490277777778 0.00703125 0.0166666666667
0 0.984375 0.488194444444 0.00625 0.0152777777778
1 0.616015625 0.50625 0.00703125 0.0208333333333
1 0.6390625 0.520833333333 0.0109375 0.025
1 0.6640625 0.495138888889 0.00625 0.0180555555556
