1 0.196484375 0.534722222222 0.01328125 0.0333333333333
1 0.18046875 0.5625 0.0171875 0.0416666666667
1 0.27734375 0.593055555556 0.025 0.0527777777778
1 0.569921875 0.625 0.02734375 0.0638888888889
1 0.93984375 0.627777777778 0.0359375 0.0666666666667
0 0.16796875 0.513194444444 0.0125 0.0236111111111
0 0.011328125 0.540972222222 0.01328125 0.0319444444444
2 0.244140625 0.547916666667 0.02578125 0.109722222222
2 0.375 0.567361111111 0.034375 0.131944444444
0 0.843359375 0.497916666667 0.00703125 0.0180555555556
0 0.566796875 0.495138888889 0.00703125 0.0152777777778
0 0.7046875 0.494444444444 0.00625 0.0166666666667
0 0.42734375 0.496527777778 0.00625 0.0152777777778
1 0.92265625 0.508333333333 0.0109375 0.0222222222222
1 0.803515625 0.504166666667 0.00859375 0.0194444444444
1 0.696875 0.500694444444 0.0078125 0.0180555555556
1 0.47265625 0.502777777778 0.0078125 0.0194444444444
1 0.584375 0.5 0.0078125 0.0166666666667
