0 0.2515625 0.858333333333 0.0734375 0.15
0 0.659765625 0.625 0.03203125 0.0638888888889
0 0.726953125 0.540277777778 0.01796875 0.0333333333333
0 0.953125 0.552083333333 0.0171875 0.0375
1 0.61484375 0.565277777778 0.0203125 0.0416666666667
2 0.3 0.630555555556 0.034375 0.0666666666667
2 0.36484375 0.570138888889 0.0203125 0.0430555555556
0 0.537890625 0.513194444444 0.00859375 0.0236111111111
0 0.5546875 0.501388888889 0.0078125 0.0194444444444
0 0.58046875 0.524305555556 0.0109375 0.0291666666667
0 0.610546875 0.494444444444 0.00703125 0.0166666666667
0 0.68046875 0.490277777778 0.00625 0.0138888888889
0 0.966796875 0.486805555556 0.00703125 0.0180555555556
0 0.858203125 0.486111111111 0.00546875 0.0166666666667
0 0.7625 0.486805555556 0.00625 0.0152777777778
1 0.420703125 0.533333333333 0.01171875 0.0277777777778
1 0.394921875 0.513888888889 0.00859375 0.025
1 0.45 0.499305555556 0.0078125 0.0180555555556
