1 0.190625 0.659027777778 0.0390625 0.0736111111111
0 0.2109375 0.891666666667 0.084375 0.169444444444
0 0.17734375 0.564583333333 0.0203125 0.0402777777778
0 0.3859375 0.584722222222 0.0234375 0.0472222222222
0 0.66953125 0.589583333333 0.0234375 0.0513888888889
0 0.909375 0.572916666667 0.025 0.0458333333333
0 0.1234375 0.54375 0.0140625 0.0347222222222
2 0.8109375 0.546527777778 0.0375 0.1125
2 0.950390625 0.534027777778 0.03046875 0.101388888889
0 0.16328125 0.522916666667 0.0109375 0.0236111111111
0 0.245703125 0.511111111111 0.01015625 0.0222222222222
0 0.335546875 0.502083333333 0.00859375 0.0180555555556
0 0.4296875 0.496527777778 0.00625 0.0180555555556
0 0.528125 0.49375 0.00625 0.0152777777778
0 0.63046875 0.49375 0.0078125 0.0180555555556
0 0.74609375 0.497222222222 0.0078125 0.0194444444444
0 0.84296875 0.501388888889 0.009375 0.0222222222222
1 0.005078125 0.524305555556 0.00859375 0.0263888888889
1 0.149609375 0.506944444444 0.00859375 0.0194444444444
1 0.276953125 0.497916666667 0.00703125 0.0152777777778
1 0.929296875 0.497916666667 0.01015625 0.0208333333333
1 0.398046875 0.491666666667 0.00703125 0.0166666666667
1 0.5203125 0.488888888889 0.00625 0.0166666666667
