2 0.712109375 0.574305555556 0.02109375 0.0458333333333
2 0.75078125 0.632638888889 0.0296875 0.0680555555556
0 0.4625 0.572916666667 0.0234375 0.0430555555556
0 0.641796875 0.538194444444 0.01484375 0.0319444444444
1 0.850390625 0.910416666667 0.09140625 0.179166666667
1 0.11953125 0.563888888889 0.0171875 0.0388888888889
1 0.344140625 0.548611111111 0.01640625 0.0361111111111
1 0.3765625 0.63125 0.0296875 0.0625
1 0.480859375 0.530555555556 0.01328125 0.0277777777778
1 0.512890625 0.508333333333 0.00859375 0.0194444444444
1 0.522265625 0.517361111111 0.00859375 0.0236111111111
1 0.458984375 0.502083333333 0.00703125 0.0180555555556
1 0.382421875 0.497222222222 0.00703125 0.0166666666667
1 0.099609375 0.502083333333 0.00859375 0.0180555555556
1 0.209375 0.5 0.0078125 0.0138888888889
1 0.29765625 0.498611111111 0.0078125 0.0166666666667
0 0.540234375 0.495138888889 0.00703125 0.0152777777778
0 0.626953125 0.504166666667 0.01015625 0.0194444444444
0 0.664453125 0.515972222222 0.01171875 0.0236111111111
0 0.078515625 0.497916666667 0.00703125 0.0152777777778
0 0.434765625 0.493055555556 0.00546875 0.0138888888889
