1 0.153125 0.825694444444 0.071875 0.140277777778
1 0.7421875 0.602777777778 0.025 0.0555555555556
1 0.62109375 0.555555555556 0.0125 0.0388888888889
0 0.96484375 0.841666666667 0.065625 0.147222222222
0 0.2984375 0.601388888889 0.0265625 0.0527777777778
0 0.398828125 0.556944444444 0.01328125 0.0388888888889
2 0.659375 0.540972222222 0.0265625 0.101388888889
2 0.635546875 0.522916666667 0.01640625 0.0791666666667
2 0.355859375 0.542361111111 0.02421875 0.101388888889
2 0.384765625 0.520833333333 0.01484375 0.0833333333333
1 0.441796875 0.509722222222 0.00859375 0.0222222222222
1 0.698046875 0.515277777778 0.01171875 0.025
0 0.235546875 0.511805555556 0.01171875 0.0236111111111
0 0.33515625 0.522222222222 0.0125 0.025
0 0.585546875 0.509722222222 0.01015625 0.0222222222222
0 0.09609375 0.510416666667 0.0109375 0.0236111111111
2 0.45078125 0.502083333333 0.0078125 0.0208333333333
2 0.566796875 0.500694444444 0.00703125 0.0208333333333
