2 0.04921875 0.625 0.0265625 0.0666666666667
2 0.926171875 0.529166666667 0.03828125 0.1
1 0.412890625 0.599305555556 0.02734375 0.0541666666667
0 0.470703125 0.7125 0.04609375 0.0944444444444
0 0.545703125 0.556944444444 0.01796875 0.0388888888889
0 0.792578125 0.564583333333 0.01796875 0.0430555555556
0 0.375390625 0.539583333333 0.01484375 0.0319444444444
0 0.32578125 0.523611111111 0.0109375 0.0305555555556
0 0.348828125 0.509027777778 0.00859375 0.0236111111111
0 0.4140625 0.498611111111 0.0078125 0.0222222222222
0 0.489453125 0.493055555556 0.00703125 0.0166666666667
0 0.8859375 0.490277777778 0.0078125 0.0166666666667
0 0.767578125 0.4875 0.00703125 0.0166666666667
0 0.66640625 0.4875 0.00625 0.0166666666667
0 0.57421875 0.488888888889 0.00625 0.0166666666667
1 0.142578125 0.53125 0.01171875 0.0291666666667
1 0.1640625 0.559027777778 0.0171875 0.0375
1 0.223828125 0.507638888889 0.00859375 0.0208333333333
1 0.33203125 0.495833333333 0.00625 0.0166666666667
1 0.43671875 0.489583333333 0.00625 0.0152777777778
1 0.543359375 0.484027777778 0.00546875 0.0152777777778
1 0.65859375 0.481944444444 0.0046875 0.0138888888889
1 0.783203125 0.481944444444 0.00546875 0.0138888888889
0 0.9875 0.495138888889 0.009375 0.0208333333333
