1 0.416796875 0.6625 0.03671875 0.0805555555556
1 0.1125 0.590277777778 0.0296875 0.05
1 0.046484375 0.541666666667 0.01796875 0.0333333333333
1 0.1828125 0.522916666667 0.0125 0.0263888888889
0 0.17421875 0.552777777778 0.01875 0.0388888888889
0 0.331640625 0.522916666667 0.01328125 0.0263888888889
2 0.38359375 0.545138888889 0.015625 0.0347222222222
2 0.401953125 0.575 0.01953125 0.0472222222222
1 0.1515625 0.5 0.0078125 0.0166666666667
1 0.20859375 0.504166666667 0.0078125 0.0194444444444
1 0.2203125 0.510416666667 0.009375 0.0208333333333
0 0.319921875 0.498611111111 0.00859375 0.0194444444444
0 0.353125 0.50625 0.009375 0.0208333333333
0 0.12109375 0.49375 0.00625 0.0152777777778
1 0.062109375 0.5 0.00703125 0.0166666666667
