0 0.021875 0.553472222222 0.0171875 0.0375
0 0.0765625 0.578472222222 0.0234375 0.0458333333333
0 0.31015625 0.6 0.0265625 0.0555555555556
0 0.62109375 0.601388888889 0.021875 0.0555555555556
0 0.86875 0.579166666667 0.021875 0.05
0 0.95390625 0.557638888889 0.015625 0.0402777777778
0 0.96328125 0.533333333333 0.0140625 0.0333333333333
1 0.064453125 0.697916666667 0.04921875 0.0875
2 0.767578125 0.551388888889 0.03359375 0.119444444444
2 0.9078125 0.536111111111 0.028125 0.102777777778
0 0.073046875 0.529166666667 0.01328125 0.0277777777778
0 0.168359375 0.515277777778 0.01015625 0.025
0 0.2671875 0.50625 0.0109375 0.0208333333333
0 0.367578125 0.497916666667 0.00703125 0.0180555555556
0 0.47109375 0.496527777778 0.0078125 0.0180555555556
0 0.575390625 0.495138888889 0.00703125 0.0180555555556
0 0.6921875 0.498611111111 0.009375 0.0194444444444
0 0.78984375 0.502777777778 0.009375 0.0222222222222
0 0.8953125 0.514583333333 0.0125 0.0263888888889
1 0.06171875 0.511111111111 0.009375 0.0222222222222
1 0.2046875 0.500694444444 0.009375 0.0180555555556
1 0.333984375 0.494444444444 0.00703125 0.0166666666667
1 0.462890625 0.490972222222 0.00546875 0.0152777777778
1 0.741015625 0.491666666667 0.00703125 0.0166666666667
1 0.87265625 0.498611111111 0.009375 0.0194444444444
1 0.590625 0.488888888889 0.00625 0.0138888888889
