2 0.646875 0.567361111111 0.021875 0.0430555555556
2 0.67578125 0.61875 0.0265625 0.0625
0 0.41015625 0.568055555556 0.0203125 0.0416666666667
0 0.5828125 0.534027777778 0.0140625 0.0291666666667
1 0.734765625 0.830555555556 0.06953125 0.141666666667
1 0.29375 0.545833333333 0.0171875 0.0333333333333
1 0.328125 0.621527777778 0.03125 0.0597222222222
1 0.069140625 0.563194444444 0.01796875 0.0375
1 0.427734375 0.529861111111 0.01328125 0.0291666666667
0 0.487109375 0.496527777778 0.00546875 0.0152777777778
0 0.570703125 0.504166666667 0.00859375 0.0194444444444
0 0.606640625 0.514583333333 0.00859375 0.0208333333333
0 0.015234375 0.499305555556 0.00703125 0.0152777777778
0 0.3828125 0.494444444444 0.0046875 0.0138888888889
0 0.159375 0.495833333333 0.00625 0.0138888888889
1 0.037890625 0.502777777778 0.00703125 0.0194444444444
1 0.40625 0.502083333333 0.00625 0.0180555555556
1 0.458984375 0.508333333333 0.00703125 0.0194444444444
1 0.46875 0.515972222222 0.009375 0.0208333333333
1 0.244140625 0.499305555556 0.00703125 0.0152777777778
1 0.329296875 0.498611111111 0.00703125 0.0166666666667
1 0.15234375 0.5 0.00625 0.0166666666667
