2 0.255078125 0.734027777778 0.07578125 0.306944444444
2 0.640234375 0.551388888889 0.01328125 0.0361111111111
2 0.858203125 0.559027777778 0.01484375 0.0375
0 0.240234375 0.572222222222 0.01796875 0.0416666666667
0 0.351171875 0.618055555556 0.02578125 0.0583333333333
0 0.3609375 0.71875 0.040625 0.0930555555556
0 0.9171875 0.598611111111 0.025 0.0527777777778
1 0.43359375 0.550694444444 0.015625 0.0347222222222
1 0.605078125 0.583333333333 0.02109375 0.0472222222222
1 0.212890625 0.536805555556 0.01328125 0.0291666666667
0 0.072265625 0.556944444444 0.01796875 0.0361111111111
2 0.662109375 0.53125 0.01171875 0.0263888888889
2 0.839453125 0.535416666667 0.01328125 0.0291666666667
1 0.007421875 0.534722222222 0.01328125 0.0277777777778
