2 0.74453125 0.556944444444 0.034375 0.122222222222
2 0.8859375 0.540277777778 0.03125 0.105555555556
0 0.9375 0.5375 0.0125 0.0333333333333
0 0.9296875 0.561111111111 0.0171875 0.0416666666667
0 0.847265625 0.585416666667 0.02265625 0.0486111111111
0 0.59453125 0.607638888889 0.0234375 0.0597222222222
0 0.266015625 0.609027777778 0.02734375 0.0569444444444
0 0.017578125 0.586805555556 0.02421875 0.0486111111111
1 0.84296875 0.5 0.009375 0.0194444444444
1 0.712109375 0.493055555556 0.00703125 0.0166666666667
1 0.432421875 0.490972222222 0.00546875 0.0152777777778
1 0.562109375 0.491666666667 0.00703125 0.0166666666667
1 0.0125 0.513194444444 0.0109375 0.0208333333333
1 0.1640625 0.502083333333 0.009375 0.0180555555556
1 0.3 0.495833333333 0.0078125 0.0166666666667
0 0.021875 0.534027777778 0.0125 0.0291666666667
0 0.125 0.51875 0.0109375 0.0236111111111
0 0.230078125 0.508333333333 0.01015625 0.0194444444444
0 0.334375 0.502083333333 0.009375 0.0180555555556
0 0.441015625 0.499305555556 0.00859375 0.0180555555556
0 0.546484375 0.497222222222 0.00703125 0.0194444444444
0 0.6640625 0.5 0.0078125 0.0194444444444
0 0.76171875 0.505555555556 0.009375 0.0222222222222
