1 0.4859375 0.64375 0.03125 0.0736111111111
1 0.1890625 0.579861111111 0.0234375 0.0458333333333
1 0.112890625 0.535416666667 0.01484375 0.0319444444444
2 0.43203125 0.538888888889 0.0140625 0.0333333333333
2 0.455078125 0.565972222222 0.01796875 0.0430555555556
0 0.234765625 0.545833333333 0.01640625 0.0333333333333
0 0.377734375 0.519444444444 0.01015625 0.025
0 0.360546875 0.495138888889 0.00703125 0.0180555555556
0 0.394921875 0.502083333333 0.00859375 0.0208333333333
0 0.05 0.492361111111 0.00625 0.0152777777778
0 0.16796875 0.490277777778 0.00625 0.0138888888889
1 0.112890625 0.495833333333 0.00703125 0.0166666666667
1 0.25546875 0.500694444444 0.0078125 0.0180555555556
1 0.26796875 0.506944444444 0.0078125 0.0194444444444
1 0.2359375 0.51875 0.0109375 0.0236111111111
1 0.016015625 0.497916666667 0.00703125 0.0152777777778
