1 0.24453125 0.533333333333 0.0125 0.0333333333333
1 0.22421875 0.563194444444 0.01875 0.0430555555556
1 0.3203125 0.600694444444 0.0265625 0.0541666666667
1 0.63359375 0.641666666667 0.028125 0.0694444444444
0 0.062109375 0.539583333333 0.01796875 0.0347222222222
0 0.21953125 0.511805555556 0.0109375 0.0208333333333
2 0.2875 0.55 0.028125 0.119444444444
2 0.422265625 0.573611111111 0.03828125 0.141666666667
0 0.916015625 0.499305555556 0.00859375 0.0180555555556
0 0.76640625 0.494444444444 0.0078125 0.0166666666667
0 0.478515625 0.495138888889 0.00859375 0.0180555555556
0 0.621484375 0.49375 0.00703125 0.0180555555556
1 0.759765625 0.502083333333 0.00859375 0.0208333333333
1 0.873828125 0.506944444444 0.01015625 0.0222222222222
1 0.52578125 0.501388888889 0.0078125 0.0194444444444
1 0.63984375 0.500694444444 0.0078125 0.0180555555556
1 0.33671875 0.515972222222 0.0109375 0.0236111111111
