0 0.859375 0.572916666667 0.0203125 0.0458333333333
0 0.783203125 0.606944444444 0.03046875 0.0555555555556
0 0.04375 0.670833333333 0.04375 0.0805555555556
0 0.492578125 0.651388888889 0.03046875 0.0694444444444
2 0.670703125 0.58125 0.04609375 0.145833333333
2 0.81875 0.553472222222 0.0375 0.120833333333
1 0.740625 0.500694444444 0.0078125 0.0180555555556
1 0.91640625 0.515972222222 0.0125 0.0263888888889
1 0.151953125 0.5 0.00859375 0.0194444444444
1 0.306640625 0.495138888889 0.00703125 0.0180555555556
1 0.44921875 0.493055555556 0.00625 0.0166666666667
1 0.6078125 0.49375 0.0078125 0.0180555555556
0 0.773828125 0.520138888889 0.01171875 0.0263888888889
0 0.851171875 0.542361111111 0.01171875 0.0347222222222
0 0.43359375 0.500694444444 0.0078125 0.0208333333333
0 0.559375 0.502777777778 0.0078125 0.0194444444444
0 0.661328125 0.507638888889 0.00859375 0.0208333333333
0 0.06015625 0.515277777778 0.0125 0.025
0 0.190625 0.506944444444 0.009375 0.0194444444444
