2 0.064453125 0.805555555556 0.10390625 0.375
2 0.7328125 0.55625 0.0140625 0.0375
2 0.7125 0.532638888889 0.0109375 0.0291666666667
2 0.519921875 0.554166666667 0.01484375 0.0388888888889
2 0.540234375 0.531944444444 0.01171875 0.0305555555556
1 0.301171875 0.557638888889 0.01640625 0.0375
1 0.484765625 0.589583333333 0.02265625 0.0513888888889
0 0.794140625 0.597222222222 0.02109375 0.05
0 0.20703125 0.767361111111 0.0484375 0.1125
0 0.2015625 0.6375 0.028125 0.0638888888889
0 0.076171875 0.588888888889 0.02109375 0.0527777777778
1 0.045703125 0.544444444444 0.01640625 0.0305555555556
