0 0.207421875 0.911805555556 0.08515625 0.170833333333
0 0.611328125 0.6375 0.03359375 0.0666666666667
0 0.869140625 0.577083333333 0.02421875 0.0458333333333
0 0.965625 0.529861111111 0.0140625 0.0319444444444
1 0.85078125 0.542361111111 0.015625 0.0347222222222
2 0.6109375 0.566666666667 0.0203125 0.0444444444444
2 0.648828125 0.539583333333 0.01328125 0.0347222222222
0 0.832421875 0.513888888889 0.00859375 0.025
0 0.7953125 0.504861111111 0.0078125 0.0208333333333
0 0.81484375 0.496527777778 0.0078125 0.0180555555556
0 0.873828125 0.491666666667 0.00703125 0.0166666666667
0 0.9515625 0.488888888889 0.00625 0.0166666666667
1 0.668359375 0.504861111111 0.00859375 0.0208333333333
1 0.690234375 0.518055555556 0.01015625 0.0222222222222
1 0.716015625 0.493055555556 0.00703125 0.0166666666667
