1 0.654296875 0.56875 0.01953125 0.0430555555556
1 0.499609375 0.540277777778 0.01484375 0.0305555555556
0 0.307421875 0.818055555556 0.06953125 0.130555555556
0 0.44921875 0.664583333333 0.03125 0.0736111111111
0 0.43125 0.591666666667 0.021875 0.0472222222222
0 0.3328125 0.55625 0.0171875 0.0347222222222
0 0.94296875 0.583333333333 0.0234375 0.0444444444444
2 0.380859375 0.659027777778 0.07265625 0.223611111111
2 0.898828125 0.550694444444 0.01484375 0.0347222222222
2 0.691015625 0.541666666667 0.01640625 0.0305555555556
2 0.71328125 0.525 0.0109375 0.025
2 0.885546875 0.529861111111 0.01015625 0.0291666666667
0 0.028125 0.541666666667 0.015625 0.0305555555556
0 0.18359375 0.54375 0.0140625 0.0319444444444
1 0.11796875 0.525 0.0109375 0.025
1 0.3 0.526388888889 0.0109375 0.025
