2 0.360546875 0.534722222222 0.02265625 0.0944444444444
2 0.3859375 0.518055555556 0.015625 0.0777777777778
2 0.64375 0.533333333333 0.0203125 0.0944444444444
2 0.622265625 0.517361111111 0.01484375 0.0763888888889
0 0.875390625 0.761805555556 0.05390625 0.115277777778
0 0.01640625 0.650694444444 0.028125 0.0736111111111
0 0.311328125 0.588194444444 0.02265625 0.0486111111111
0 0.4 0.550694444444 0.0109375 0.0347222222222
1 0.7171875 0.589583333333 0.021875 0.0486111111111
1 0.609375 0.548611111111 0.0109375 0.0361111111111
1 0.21640625 0.753472222222 0.05625 0.109722222222
0 0.24140625 0.509722222222 0.0109375 0.025
0 0.3375 0.518055555556 0.0125 0.025
0 0.576953125 0.509027777778 0.00859375 0.0208333333333
1 0.684375 0.513194444444 0.009375 0.0236111111111
1 0.439453125 0.508333333333 0.01015625 0.0222222222222
0 0.10625 0.509027777778 0.009375 0.0208333333333
2 0.448046875 0.5 0.00703125 0.0166666666667
2 0.558984375 0.5 0.00703125 0.0194444444444
