1 0.099609375 0.565972222222 0.02109375 0.0430555555556
1 0.36015625 0.611111111111 0.0265625 0.0583333333333
0 0.4109375 0.736111111111 0.05 0.105555555556
0 0.505078125 0.561805555556 0.01953125 0.0458333333333
0 0.75546875 0.56875 0.01875 0.0458333333333
0 0.987109375 0.559027777778 0.02265625 0.0430555555556
2 0.889453125 0.531944444444 0.03203125 0.102777777778
0 0.278125 0.527777777778 0.0125 0.0305555555556
0 0.305078125 0.511111111111 0.01015625 0.0222222222222
0 0.328125 0.54375 0.0171875 0.0347222222222
0 0.37265625 0.502083333333 0.0078125 0.0180555555556
0 0.451171875 0.49375 0.00859375 0.0152777777778
0 0.53671875 0.490277777778 0.00625 0.0166666666667
0 0.630859375 0.488194444444 0.00546875 0.0152777777778
0 0.946484375 0.495138888889 0.00859375 0.0208333333333
0 0.846875 0.490972222222 0.0078125 0.0180555555556
0 0.730078125 0.488194444444 0.00703125 0.0180555555556
1 0.08359375 0.534722222222 0.0140625 0.0305555555556
1 0.173046875 0.511111111111 0.00859375 0.0222222222222
1 0.28828125 0.497916666667 0.00625 0.0180555555556
1 0.397265625 0.490277777778 0.00703125 0.0166666666667
1 0.50625 0.485416666667 0.00625 0.0152777777778
