2 0.589453125 0.570138888889 0.01953125 0.0458333333333
2 0.626953125 0.541666666667 0.01328125 0.0333333333333
1 0.830078125 0.543055555556 0.01640625 0.0333333333333
0 0.590234375 0.644444444444 0.03203125 0.0694444444444
0 0.85078125 0.579166666667 0.0234375 0.0472222222222
0 0.944140625 0.530555555556 0.01171875 0.0305555555556
1 0.64609375 0.504861111111 0.0078125 0.0180555555556
1 0.668359375 0.51875 0.01015625 0.0236111111111
1 0.694140625 0.494444444444 0.00703125 0.0166666666667
1 0.989453125 0.484027777778 0.00703125 0.0152777777778
0 0.8109375 0.514583333333 0.0109375 0.0236111111111
0 0.773046875 0.505555555556 0.00703125 0.0194444444444
0 0.791796875 0.496527777778 0.00703125 0.0180555555556
0 0.850390625 0.491666666667 0.00703125 0.0166666666667
0 0.926171875 0.488888888889 0.00703125 0.0166666666667
