2 0.79765625 0.538194444444 0.0125 0.0319444444444
2 0.825 0.565972222222 0.01875 0.0430555555556
2 0.590625 0.558333333333 0.0171875 0.0388888888889
2 0.611328125 0.534722222222 0.01171875 0.0305555555556
0 0.901171875 0.614583333333 0.03046875 0.0597222222222
0 0.130078125 0.592361111111 0.02578125 0.0513888888889
0 0.247265625 0.652083333333 0.03359375 0.0736111111111
0 0.2265625 0.817361111111 0.065625 0.1375
1 0.362109375 0.559722222222 0.01953125 0.0388888888889
1 0.11171875 0.543055555556 0.0171875 0.0305555555556
1 0.55234375 0.598611111111 0.0203125 0.0527777777778
