2 0.7171875 0.561111111111 0.0171875 0.0388888888889
2 0.7578125 0.5375 0.0140625 0.0305555555556
0 0.419140625 0.756944444444 0.05234375 0.111111111111
0 0.712109375 0.617361111111 0.02578125 0.0569444444444
0 0.9671875 0.575694444444 0.0203125 0.0430555555556
1 0.9578125 0.545138888889 0.0140625 0.0347222222222
1 0.78046875 0.508333333333 0.0078125 0.0194444444444
1 0.800390625 0.521527777778 0.01171875 0.0236111111111
1 0.8328125 0.498611111111 0.00625 0.0166666666667
1 0.923828125 0.49375 0.00703125 0.0152777777778
0 0.9125 0.510416666667 0.0078125 0.0208333333333
0 0.9359375 0.502777777778 0.0078125 0.0166666666667
0 0.948828125 0.520833333333 0.01015625 0.025
