2 0.893359375 0.744444444444 0.08828125 0.333333333333
2 0.601953125 0.625 0.04765625 0.2
2 0.2640625 0.522916666667 0.0109375 0.0263888888889
2 0.290625 0.538888888889 0.0125 0.0305555555556
2 0.080078125 0.550694444444 0.01484375 0.0347222222222
2 0.0875 0.531944444444 0.0109375 0.0277777777778
0 0.3484375 0.561111111111 0.0171875 0.0388888888889
0 0.529296875 0.526388888889 0.01171875 0.0277777777778
1 0.06796875 0.58125 0.021875 0.0458333333333
1 0.65703125 0.742361111111 0.046875 0.109722222222
1 0.515625 0.620833333333 0.0234375 0.0638888888889
1 0.551171875 0.563888888889 0.01796875 0.0416666666667
0 0.669140625 0.513888888889 0.00859375 0.0222222222222
0 0.84296875 0.511111111111 0.009375 0.0222222222222
1 0.665625 0.538194444444 0.0140625 0.0319444444444
1 0.769921875 0.527777777778 0.01171875 0.0277777777778
1 0.9171875 0.523611111111 0.0125 0.025
