2 0.88203125 0.685416666667 0.0875 0.2625
2 0.74609375 0.595138888889 0.046875 0.165277777778
2 0.108984375 0.697916666667 0.09140625 0.270833333333
2 0.26015625 0.599305555556 0.046875 0.165277777778
0 0.258984375 0.688888888889 0.04140625 0.0888888888889
0 0.283984375 0.611805555556 0.02109375 0.0569444444444
0 0.219921875 0.569444444444 0.02421875 0.0444444444444
0 0.087109375 0.549305555556 0.01953125 0.0375
0 0.612109375 0.540972222222 0.01484375 0.0347222222222
1 0.748828125 0.682638888889 0.04296875 0.0875
1 0.7140625 0.591666666667 0.0234375 0.0527777777778
1 0.79375 0.553472222222 0.01875 0.0402777777778
1 0.401953125 0.542361111111 0.01484375 0.0347222222222
1 0.945703125 0.536805555556 0.01953125 0.0347222222222
0 0.976953125 0.513888888889 0.01328125 0.025
0 0.8078125 0.518055555556 0.0109375 0.0277777777778
1 0.01015625 0.525 0.0125 0.0277777777778
1 0.246484375 0.527083333333 0.01328125 0.0319444444444
2 0.419921875 0.522916666667 0.01015625 0.0263888888889
2 0.431640625 0.509722222222 0.01015625 0.0222222222222
2 0.56640625 0.506944444444 0.009375 0.0222222222222
2 0.579296875 0.520138888889 0.01015625 0.0263888888889
