0 0.285546875 0.667361111111 0.03828125 0.0791666666667
0 0.3046875 0.601388888889 0.01875 0.0527777777778
0 0.23828125 0.564583333333 0.021875 0.0430555555556
0 0.109375 0.546527777778 0.0171875 0.0347222222222
0 0.612109375 0.538194444444 0.01328125 0.0319444444444
1 0.7296875 0.661805555556 0.034375 0.0763888888889
1 0.704296875 0.586111111111 0.02265625 0.05
1 0.78359375 0.549305555556 0.0171875 0.0375
1 0.409375 0.540277777778 0.0140625 0.0333333333333
1 0.93203125 0.535416666667 0.015625 0.0319444444444
2 0.841015625 0.655555555556 0.07421875 0.230555555556
2 0.73125 0.583333333333 0.040625 0.152777777778
2 0.1625 0.66875 0.075 0.240277777778
2 0.284375 0.5875 0.046875 0.155555555556
2 0.4265625 0.521527777778 0.0125 0.0263888888889
2 0.4375 0.509722222222 0.009375 0.0222222222222
2 0.569140625 0.508333333333 0.00859375 0.0222222222222
2 0.580859375 0.520138888889 0.01015625 0.0291666666667
1 0.031640625 0.522916666667 0.01328125 0.0291666666667
1 0.259375 0.526388888889 0.0140625 0.0277777777778
0 0.801953125 0.51875 0.01171875 0.0263888888889
0 0.965234375 0.514583333333 0.01328125 0.0236111111111
