2 0.63984375 0.564583333333 0.01875 0.0402777777778
2 0.676953125 0.538194444444 0.01328125 0.0319444444444
1 0.877734375 0.542361111111 0.01640625 0.0347222222222
0 0.89375 0.575 0.0234375 0.0472222222222
0 0.6390625 0.629166666667 0.03125 0.0638888888889
0 0.276953125 0.857638888889 0.07734375 0.151388888889
1 0.697265625 0.504166666667 0.00703125 0.0194444444444
1 0.718359375 0.517361111111 0.01171875 0.0236111111111
1 0.745703125 0.49375 0.00703125 0.0180555555556
0 0.824609375 0.50625 0.00859375 0.0208333333333
0 0.8453125 0.497916666667 0.0078125 0.0180555555556
0 0.861328125 0.515277777778 0.01171875 0.0222222222222
0 0.994921875 0.529166666667 0.01015625 0.0305555555556
0 0.905859375 0.492361111111 0.00703125 0.0180555555556
0 0.985546875 0.489583333333 0.00703125 0.0152777777778
