0 0.355859375 0.559722222222 0.01796875 0.0388888888889
0 0.509765625 0.529166666667 0.01171875 0.0277777777778
1 0.23671875 0.545138888889 0.0140625 0.0319444444444
1 0.295703125 0.602777777778 0.02421875 0.0527777777778
1 0.65390625 0.729861111111 0.0453125 0.104166666667
2 0.570703125 0.55625 0.01640625 0.0402777777778
2 0.60078125 0.595138888889 0.021875 0.0541666666667
1 0.253515625 0.5 0.00703125 0.0166666666667
1 0.3328125 0.502083333333 0.00625 0.0180555555556
1 0.3625 0.526388888889 0.0109375 0.025
1 0.39765625 0.514583333333 0.0078125 0.0208333333333
1 0.387109375 0.507638888889 0.00703125 0.0180555555556
1 0.017578125 0.5625 0.01484375 0.0361111111111
1 0.068359375 0.503472222222 0.00703125 0.0152777777778
1 0.164453125 0.501388888889 0.00703125 0.0166666666667
0 0.073046875 0.497916666667 0.00546875 0.0152777777778
0 0.197265625 0.497222222222 0.00703125 0.0138888888889
0 0.411328125 0.496527777778 0.00703125 0.0152777777778
0 0.49375 0.502083333333 0.0078125 0.0180555555556
0 0.529296875 0.511805555556 0.00859375 0.0208333333333
