2 0.173046875 0.545833333333 0.03359375 0.111111111111
2 0.307421875 0.563888888889 0.03671875 0.127777777778
1 0.8421875 0.615277777778 0.028125 0.0611111111111
1 0.499609375 0.616666666667 0.02421875 0.0583333333333
1 0.1046875 0.559722222222 0.01875 0.0416666666667
1 0.206640625 0.590277777778 0.02421875 0.05
1 0.120703125 0.533333333333 0.01328125 0.0333333333333
0 0.907421875 0.499305555556 0.00859375 0.0180555555556
0 0.088671875 0.510416666667 0.01015625 0.0236111111111
0 0.765234375 0.495138888889 0.00703125 0.0152777777778
0 0.63515625 0.490972222222 0.00625 0.0152777777778
1 0.727734375 0.500694444444 0.00703125 0.0180555555556
1 0.837109375 0.505555555556 0.01015625 0.0222222222222
1 0.959765625 0.515972222222 0.01171875 0.0263888888889
1 0.215625 0.514583333333 0.0109375 0.0236111111111
1 0.40625 0.5 0.0078125 0.0194444444444
1 0.51640625 0.497916666667 0.00625 0.0180555555556
