1 0.70390625 0.623611111111 0.0265625 0.0638888888889
1 0.6921875 0.56875 0.015625 0.0430555555556
1 0.428125 0.530555555556 0.0125 0.0305555555556
1 0.769921875 0.540277777778 0.01328125 0.0333333333333
1 0.91171875 0.527083333333 0.0140625 0.0291666666667
0 0.074609375 0.779861111111 0.06015625 0.120833333333
0 0.335546875 0.626388888889 0.02578125 0.0611111111111
0 0.61484375 0.530555555556 0.0140625 0.0305555555556
0 0.278125 0.550694444444 0.01875 0.0347222222222
2 0.786328125 0.613888888889 0.05234375 0.183333333333
2 0.709765625 0.563888888889 0.03515625 0.125
2 0.250390625 0.619444444444 0.05234375 0.186111111111
2 0.329296875 0.565277777778 0.03671875 0.130555555556
2 0.443359375 0.514583333333 0.01015625 0.0236111111111
2 0.453125 0.503472222222 0.0078125 0.0208333333333
2 0.5765625 0.503472222222 0.0078125 0.0208333333333
2 0.587109375 0.514583333333 0.00859375 0.0263888888889
0 0.158984375 0.535416666667 0.01484375 0.0319444444444
0 0.79453125 0.5125 0.0109375 0.025
1 0.078125 0.516666666667 0.0109375 0.025
1 0.289453125 0.51875 0.01015625 0.0263888888889
