1 0.301171875 0.64375 0.03671875 0.0708333333333
1 0.871875 0.592361111111 0.025 0.0513888888889
1 0.659765625 0.557638888889 0.02109375 0.0375
1 0.579296875 0.529861111111 0.01015625 0.0291666666667
2 0.137109375 0.844444444444 0.07890625 0.147222222222
2 0.93046875 0.847222222222 0.0640625 0.147222222222
2 0.37109375 0.515277777778 0.021875 0.0805555555556
2 0.38984375 0.503472222222 0.0140625 0.0680555555556
2 0.605859375 0.515972222222 0.01640625 0.0763888888889
2 0.5890625 0.504861111111 0.0109375 0.0652777777778
0 0.12421875 0.591666666667 0.028125 0.0527777777778
0 0.334375 0.555555555556 0.021875 0.0388888888889
0 0.400390625 0.529166666667 0.01015625 0.0305555555556
0 0.729296875 0.646527777778 0.03671875 0.0708333333333
1 0.43046875 0.497222222222 0.0078125 0.0194444444444
1 0.64921875 0.502777777778 0.0078125 0.0194444444444
0 0.25234375 0.498611111111 0.009375 0.0222222222222
0 0.341015625 0.504861111111 0.01015625 0.0236111111111
0 0.5546875 0.497916666667 0.0078125 0.0208333333333
