1 0.204296875 0.768055555556 0.06015625 0.116666666667
1 0.720703125 0.592361111111 0.02421875 0.0513888888889
1 0.61171875 0.55 0.0125 0.0361111111111
0 0.892578125 0.776388888889 0.05078125 0.119444444444
0 0.30859375 0.589583333333 0.025 0.0486111111111
0 0.399609375 0.551388888889 0.01171875 0.0361111111111
2 0.645703125 0.535416666667 0.02109375 0.0986111111111
2 0.62578125 0.51875 0.015625 0.0763888888889
2 0.36015625 0.536111111111 0.0203125 0.0944444444444
2 0.386328125 0.518055555556 0.01484375 0.0777777777778
1 0.440234375 0.507638888889 0.00859375 0.0208333333333
1 0.68671875 0.513888888889 0.0109375 0.025
0 0.57890625 0.507638888889 0.009375 0.0236111111111
0 0.23984375 0.509722222222 0.0109375 0.0222222222222
0 0.33671875 0.51875 0.0140625 0.0263888888889
0 0.104296875 0.507638888889 0.01171875 0.0208333333333
2 0.4484375 0.5 0.0078125 0.0194444444444
2 0.56015625 0.499305555556 0.0078125 0.0180555555556
