2 0.353515625 0.541666666667 0.02890625 0.105555555556
2 0.38359375 0.521527777778 0.015625 0.0875
2 0.666015625 0.540972222222 0.02578125 0.101388888889
2 0.6390625 0.520138888889 0.015625 0.0847222222222
0 0.29375 0.60625 0.0265625 0.0569444444444
0 0.39609375 0.55625 0.009375 0.0402777777778
1 0.133203125 0.85 0.07265625 0.15
1 0.75078125 0.605555555556 0.0265625 0.0555555555556
1 0.62578125 0.55625 0.0125 0.0402777777778
0 0.234375 0.5125 0.0125 0.025
0 0.334375 0.520833333333 0.0140625 0.025
0 0.58828125 0.510416666667 0.009375 0.0236111111111
1 0.443359375 0.510416666667 0.01015625 0.0236111111111
1 0.703515625 0.515277777778 0.01015625 0.025
0 0.09375 0.509722222222 0.009375 0.0222222222222
2 0.45234375 0.500694444444 0.0078125 0.0180555555556
2 0.568359375 0.500694444444 0.00703125 0.0208333333333
