2 0.62265625 0.521527777778 0.01875 0.0847222222222
2 0.60390625 0.507638888889 0.015625 0.0736111111111
2 0.36796875 0.521527777778 0.021875 0.0847222222222
2 0.38984375 0.507638888889 0.0171875 0.0736111111111
0 0.78359375 0.684722222222 0.040625 0.0833333333333
0 0.0828125 0.613194444444 0.0296875 0.0569444444444
0 0.325390625 0.566666666667 0.02265625 0.0416666666667
0 0.401171875 0.536111111111 0.01171875 0.0333333333333
1 0.271875 0.684027777778 0.0421875 0.0875
1 0.9328125 0.611805555556 0.028125 0.0597222222222
1 0.684765625 0.569444444444 0.01953125 0.0444444444444
1 0.59375 0.535416666667 0.0125 0.0347222222222
0 0.340625 0.509027777778 0.0125 0.0236111111111
0 0.566015625 0.500694444444 0.00859375 0.0208333333333
1 0.435546875 0.5 0.00859375 0.0222222222222
1 0.666015625 0.505555555556 0.00859375 0.0222222222222
1 0.770703125 0.500694444444 0.01015625 0.0208333333333
0 0.119140625 0.499305555556 0.01015625 0.0208333333333
0 0.248828125 0.501388888889 0.00859375 0.0194444444444
