0 0.59375 0.652777777778 0.0375 0.0722222222222
0 0.658203125 0.547222222222 0.01796875 0.0361111111111
0 0.889453125 0.557638888889 0.01953125 0.0402777777778
1 0.540625 0.577083333333 0.021875 0.0458333333333
2 0.165625 0.66875 0.0453125 0.0791666666667
2 0.259765625 0.5875 0.02421875 0.05
0 0.45859375 0.516666666667 0.0109375 0.025
0 0.476953125 0.504861111111 0.00859375 0.0208333333333
0 0.503515625 0.53125 0.01171875 0.0291666666667
0 0.53515625 0.496527777778 0.00625 0.0152777777778
0 0.60625 0.491666666667 0.00625 0.0166666666667
0 0.6890625 0.488888888889 0.00625 0.0166666666667
0 0.78203125 0.4875 0.00625 0.0166666666667
0 0.885546875 0.488194444444 0.00703125 0.0180555555556
1 0.30546875 0.520138888889 0.009375 0.0263888888889
1 0.3296875 0.543055555556 0.0125 0.0333333333333
1 0.36640625 0.502777777778 0.0078125 0.0194444444444
1 0.460546875 0.493055555556 0.00703125 0.0166666666667
