2 0.5984375 0.559027777778 0.0171875 0.0430555555556
2 0.630859375 0.601388888889 0.02265625 0.0555555555556
1 0.69375 0.751388888889 0.05625 0.113888888889
1 0.257421875 0.545833333333 0.01640625 0.0333333333333
1 0.31484375 0.609027777778 0.0265625 0.0541666666667
0 0.377734375 0.561111111111 0.01953125 0.0388888888889
0 0.53515625 0.531944444444 0.0125 0.0277777777778
1 0.037890625 0.5625 0.01796875 0.0388888888889
0 0.434765625 0.496527777778 0.00703125 0.0152777777778
0 0.51796875 0.502083333333 0.0078125 0.0180555555556
0 0.554296875 0.511111111111 0.00859375 0.0222222222222
0 0.099609375 0.496527777778 0.00703125 0.0152777777778
1 0.355859375 0.502777777778 0.00703125 0.0166666666667
1 0.3859375 0.529166666667 0.009375 0.0277777777778
1 0.409375 0.508333333333 0.0078125 0.0194444444444
1 0.42109375 0.515972222222 0.009375 0.0208333333333
1 0.189453125 0.502083333333 0.00703125 0.0152777777778
1 0.27734375 0.500694444444 0.0078125 0.0152777777778
0 0.221484375 0.495833333333 0.00703125 0.0138888888889
