0 0.521875 0.670833333333 0.0375 0.0777777777778
0 0.595703125 0.55 0.01640625 0.0361111111111
0 0.82734375 0.557638888889 0.01875 0.0402777777778
0 0.437890625 0.534027777778 0.01328125 0.0291666666667
1 0.47265625 0.585416666667 0.0234375 0.0486111111111
1 0.25 0.549305555556 0.015625 0.0347222222222
2 0.035546875 0.702083333333 0.04296875 0.0930555555556
2 0.1640625 0.602083333333 0.028125 0.0569444444444
2 0.959765625 0.525 0.03046875 0.0972222222222
1 0.22734375 0.525 0.0109375 0.0277777777778
1 0.296875 0.50625 0.0078125 0.0208333333333
1 0.3953125 0.49375 0.00625 0.0180555555556
1 0.83671875 0.48125 0.00625 0.0152777777778
0 0.39140625 0.520138888889 0.0109375 0.0263888888889
0 0.4125 0.50625 0.0078125 0.0208333333333
0 0.473046875 0.499305555556 0.00703125 0.0180555555556
0 0.544921875 0.491666666667 0.00703125 0.0166666666667
0 0.627734375 0.488194444444 0.00703125 0.0152777777778
0 0.719140625 0.486805555556 0.00703125 0.0152777777778
0 0.819921875 0.486805555556 0.00703125 0.0180555555556
0 0.939453125 0.490277777778 0.00703125 0.0194444444444
1 0.49375 0.486805555556 0.00625 0.0125
