0 0.053515625 0.63125 0.03515625 0.0652777777778
0 0.819921875 0.719444444444 0.04921875 0.1
0 0.319140625 0.578472222222 0.02109375 0.0430555555556
0 0.398828125 0.54375 0.01328125 0.0347222222222
1 0.24921875 0.7125 0.046875 0.0916666666667
1 0.971484375 0.628472222222 0.03046875 0.0652777777778
1 0.698828125 0.579166666667 0.02109375 0.0472222222222
1 0.6015625 0.543055555556 0.0125 0.0333333333333
2 0.36484375 0.529861111111 0.0234375 0.0902777777778
2 0.38828125 0.513194444444 0.0140625 0.0763888888889
2 0.63125 0.528472222222 0.01875 0.0875
2 0.61171875 0.5125 0.0140625 0.0777777777778
1 0.673828125 0.510416666667 0.01015625 0.0236111111111
1 0.4375 0.505555555556 0.009375 0.0222222222222
0 0.3390625 0.514583333333 0.0109375 0.0236111111111
0 0.5703125 0.504861111111 0.0078125 0.0208333333333
0 0.113671875 0.504166666667 0.01015625 0.0222222222222
0 0.24453125 0.506944444444 0.009375 0.0222222222222
