0 0.159765625 0.5875 0.02265625 0.0472222222222
0 0.27734375 0.64375 0.03125 0.0680555555556
0 0.26796875 0.788194444444 0.0515625 0.120833333333
0 0.902734375 0.610416666667 0.02890625 0.0541666666667
1 0.13828125 0.542361111111 0.0171875 0.0319444444444
1 0.38046875 0.557638888889 0.01875 0.0375
1 0.564453125 0.595833333333 0.02265625 0.05
2 0.60234375 0.557638888889 0.015625 0.0375
2 0.623828125 0.536111111111 0.01328125 0.0277777777778
2 0.80703125 0.538194444444 0.0109375 0.0291666666667
2 0.831640625 0.565277777778 0.01640625 0.0388888888889
