2 0.7 0.561805555556 0.01875 0.0402777777778
2 0.739453125 0.536805555556 0.01328125 0.0319444444444
0 0.381640625 0.775694444444 0.05859375 0.118055555556
0 0.694140625 0.619444444444 0.02890625 0.0583333333333
0 0.951171875 0.575 0.01640625 0.0416666666667
0 0.894921875 0.509027777778 0.00859375 0.0180555555556
0 0.93125 0.51875 0.009375 0.0236111111111
0 0.91796875 0.501388888889 0.009375 0.0194444444444
1 0.76328125 0.506944444444 0.0078125 0.0194444444444
1 0.783203125 0.519444444444 0.01171875 0.025
1 0.94140625 0.54375 0.0125 0.0319444444444
