2 0.377734375 0.68125 0.06640625 0.256944444444
2 0.584375 0.600694444444 0.046875 0.165277777778
0 0.5484375 0.690972222222 0.0375 0.0875
0 0.625390625 0.615277777778 0.02421875 0.0583333333333
0 0.601953125 0.567361111111 0.01640625 0.0430555555556
1 0.798046875 0.554166666667 0.01640625 0.0361111111111
1 0.115625 0.513888888889 0.009375 0.0222222222222
1 0.319921875 0.5125 0.00703125 0.0222222222222
1 0.471484375 0.515277777778 0.00859375 0.0222222222222
1 0.65390625 0.528472222222 0.0125 0.0263888888889
0 0.0859375 0.525694444444 0.0125 0.0236111111111
0 0.257421875 0.523611111111 0.01015625 0.025
0 0.380859375 0.527083333333 0.01015625 0.0263888888889
0 0.51015625 0.538888888889 0.0109375 0.0305555555556
2 0.83515625 0.534027777778 0.0109375 0.0319444444444
2 0.859765625 0.519444444444 0.01015625 0.025
