2 0.846484375 0.679166666667 0.07578125 0.255555555556
2 0.112109375 0.689583333333 0.09296875 0.256944444444
0 0.057421875 0.879861111111 0.08828125 0.1625
0 0.17421875 0.688194444444 0.0390625 0.0847222222222
0 0.130859375 0.610416666667 0.01953125 0.0597222222222
0 0.620703125 0.567361111111 0.01953125 0.0402777777778
1 0.893359375 0.850694444444 0.07734375 0.148611111111
1 0.771875 0.651388888889 0.03125 0.0722222222222
1 0.366015625 0.56875 0.01796875 0.0430555555556
1 0.187109375 0.55 0.01796875 0.0333333333333
2 0.393359375 0.542361111111 0.01171875 0.0319444444444
2 0.409375 0.524305555556 0.009375 0.0236111111111
2 0.56171875 0.522222222222 0.009375 0.025
2 0.578125 0.538888888889 0.0125 0.0305555555556
0 0.83984375 0.536111111111 0.0140625 0.0305555555556
