2 0.95859375 0.615277777778 0.03125 0.0611111111111
2 0.06328125 0.552083333333 0.03125 0.104166666667
0 0.6234375 0.602777777778 0.0234375 0.0527777777778
0 0.829296875 0.557638888889 0.01640625 0.0375
1 0.2328125 0.582638888889 0.01875 0.0430555555556
1 0.476171875 0.566666666667 0.01796875 0.0388888888889
1 0.534765625 0.698611111111 0.04453125 0.0861111111111
1 0.628125 0.545138888889 0.015625 0.0319444444444
1 0.51015625 0.503472222222 0.0078125 0.0180555555556
1 0.593359375 0.507638888889 0.01015625 0.0180555555556
1 0.655078125 0.515277777778 0.01015625 0.0222222222222
1 0.670703125 0.527083333333 0.01015625 0.0263888888889
1 0.4234375 0.503472222222 0.0078125 0.0152777777778
1 0.11484375 0.511111111111 0.009375 0.0194444444444
1 0.2296875 0.505555555556 0.00625 0.0166666666667
0 0.8421875 0.529166666667 0.0125 0.0277777777778
0 0.785546875 0.511805555556 0.01015625 0.0236111111111
0 0.681640625 0.502083333333 0.00703125 0.0180555555556
0 0.5640625 0.497222222222 0.00625 0.0166666666667
0 0.210546875 0.501388888889 0.00703125 0.0166666666667
