0 0.554296875 0.672222222222 0.03828125 0.0777777777778
0 0.62109375 0.550694444444 0.0171875 0.0375
0 0.855859375 0.559027777778 0.01796875 0.0430555555556
1 0.498828125 0.585416666667 0.02421875 0.0513888888889
2 0.075 0.697222222222 0.0515625 0.0861111111111
2 0.1953125 0.600694444444 0.0265625 0.0513888888889
2 0.9875 0.527777777778 0.025 0.0972222222222
0 0.41484375 0.520138888889 0.0109375 0.0236111111111
0 0.434765625 0.506944444444 0.00703125 0.0222222222222
0 0.461328125 0.535416666667 0.01328125 0.0291666666667
0 0.49375 0.499305555556 0.00625 0.0180555555556
0 0.56640625 0.492361111111 0.00625 0.0180555555556
0 0.649609375 0.488888888889 0.00859375 0.0166666666667
0 0.741796875 0.486805555556 0.00703125 0.0152777777778
0 0.844140625 0.486805555556 0.00703125 0.0180555555556
0 0.9671875 0.490972222222 0.009375 0.0180555555556
1 0.253515625 0.525694444444 0.01171875 0.0263888888889
1 0.276953125 0.55 0.01484375 0.0333333333333
1 0.31953125 0.50625 0.0078125 0.0180555555556
1 0.41796875 0.495138888889 0.0078125 0.0180555555556
1 0.515234375 0.489583333333 0.00703125 0.0152777777778
1 0.86171875 0.483333333333 0.0046875 0.0166666666667
