0 0.152734375 0.785416666667 0.06328125 0.126388888889
0 0.218359375 0.653472222222 0.03359375 0.0708333333333
0 0.15859375 0.593055555556 0.0203125 0.0527777777778
0 0.01875 0.565277777778 0.01875 0.0416666666667
0 0.615234375 0.554861111111 0.01796875 0.0375
2 0.18515625 0.645138888889 0.0578125 0.2125
2 0.800390625 0.6375 0.07265625 0.205555555556
1 0.82109375 0.767361111111 0.0578125 0.118055555556
1 0.744140625 0.624305555556 0.02734375 0.0625
1 0.822265625 0.571527777778 0.01796875 0.0458333333333
1 0.984765625 0.548611111111 0.01953125 0.0361111111111
1 0.378125 0.558333333333 0.015625 0.0388888888889
2 0.4015625 0.531944444444 0.0109375 0.0305555555556
2 0.416015625 0.517361111111 0.00859375 0.0236111111111
2 0.56171875 0.514583333333 0.009375 0.0236111111111
2 0.5765625 0.530555555556 0.009375 0.0277777777778
1 0.208203125 0.539583333333 0.01328125 0.0319444444444
0 0.825390625 0.527777777778 0.01328125 0.0305555555556
