1 0.240625 0.644444444444 0.0375 0.0666666666667
0 0.28671875 0.843055555556 0.0703125 0.141666666667
0 0.41796875 0.580555555556 0.0234375 0.0472222222222
0 0.69296875 0.583333333333 0.021875 0.0472222222222
0 0.928515625 0.568055555556 0.02265625 0.0444444444444
0 0.215625 0.561805555556 0.0203125 0.0402777777778
2 0.8296875 0.541666666667 0.0390625 0.108333333333
2 0.969140625 0.529861111111 0.03984375 0.0986111111111
1 0.04453125 0.523611111111 0.0125 0.025
1 0.18203125 0.50625 0.009375 0.0180555555556
1 0.9515625 0.495138888889 0.009375 0.0208333333333
0 0.162890625 0.540277777778 0.01328125 0.0333333333333
0 0.197265625 0.521527777778 0.00859375 0.0263888888889
0 0.276171875 0.509722222222 0.01015625 0.0222222222222
0 0.362109375 0.502083333333 0.00703125 0.0180555555556
0 0.453515625 0.496527777778 0.00703125 0.0180555555556
0 0.55078125 0.493055555556 0.00625 0.0166666666667
0 0.651171875 0.493055555556 0.00703125 0.0194444444444
0 0.7671875 0.495138888889 0.0078125 0.0180555555556
0 0.8640625 0.5 0.009375 0.0222222222222
