2 0.50390625 0.584722222222 0.0234375 0.0472222222222
2 0.5453125 0.548611111111 0.0140625 0.0361111111111
0 0.505859375 0.680555555556 0.04140625 0.0805555555556
0 0.781640625 0.590972222222 0.02578125 0.0513888888889
0 0.865234375 0.532638888889 0.01640625 0.0319444444444
1 0.755078125 0.550694444444 0.01484375 0.0375
0 0.73125 0.519444444444 0.0109375 0.025
0 0.6921875 0.508333333333 0.0078125 0.0222222222222
0 0.709765625 0.5 0.00703125 0.0166666666667
0 0.765234375 0.494444444444 0.00703125 0.0166666666667
0 0.837109375 0.491666666667 0.00703125 0.0166666666667
0 0.925390625 0.489583333333 0.00703125 0.0152777777778
1 0.8953125 0.484722222222 0.0046875 0.0138888888889
1 0.7875 0.486805555556 0.00625 0.0125
1 0.564453125 0.509027777778 0.00703125 0.0208333333333
1 0.5875 0.523611111111 0.0109375 0.025
1 0.61171875 0.497222222222 0.00625 0.0166666666667
