1 0.205859375 0.536805555556 0.01328125 0.0319444444444
1 0.183203125 0.566666666667 0.01796875 0.0416666666667
1 0.28046875 0.603472222222 0.028125 0.0541666666667
1 0.596484375 0.643055555556 0.03046875 0.0694444444444
2 0.247265625 0.553472222222 0.03203125 0.120833333333
2 0.383984375 0.575694444444 0.04140625 0.145833333333
0 0.014453125 0.542361111111 0.01796875 0.0347222222222
1 0.836328125 0.50625 0.00859375 0.0208333333333
1 0.964453125 0.5125 0.01171875 0.0222222222222
1 0.492578125 0.502777777778 0.00859375 0.0194444444444
1 0.6078125 0.502083333333 0.0078125 0.0180555555556
1 0.301171875 0.517361111111 0.01171875 0.0236111111111
0 0.180078125 0.5125 0.01171875 0.025
0 0.87734375 0.500694444444 0.0078125 0.0180555555556
0 0.589453125 0.495833333333 0.00703125 0.0166666666667
0 0.44609375 0.497222222222 0.00625 0.0166666666667
