2 0.25703125 0.56875 0.01875 0.0402777777778
2 0.2796875 0.541666666667 0.0140625 0.0333333333333
2 0.462890625 0.535416666667 0.01171875 0.0319444444444
2 0.488671875 0.560416666667 0.01484375 0.0375
0 0.554296875 0.600694444444 0.02265625 0.0513888888889
0 0.783203125 0.55 0.01640625 0.0333333333333
1 0.21640625 0.615277777778 0.0265625 0.0583333333333
1 0.840625 0.759722222222 0.05 0.113888888889
1 0.84765625 0.623611111111 0.0265625 0.0666666666667
0 0.969921875 0.539583333333 0.01484375 0.0319444444444
