0 0.419921875 0.56875 0.01796875 0.0402777777778
0 0.609765625 0.53125 0.01328125 0.0291666666667
1 0.778125 0.814583333333 0.0640625 0.1375
1 0.598046875 0.640972222222 0.02734375 0.0680555555556
1 0.634765625 0.575694444444 0.01796875 0.0458333333333
1 0.13671875 0.584722222222 0.021875 0.0444444444444
2 0.338671875 0.525 0.01015625 0.025
2 0.36328125 0.54375 0.0125 0.0319444444444
2 0.15625 0.553472222222 0.0140625 0.0347222222222
2 0.166796875 0.533333333333 0.01171875 0.0277777777778
0 0.9515625 0.517361111111 0.0109375 0.0236111111111
0 0.7578125 0.520833333333 0.0109375 0.025
1 0.873046875 0.535416666667 0.01328125 0.0319444444444
1 0.758984375 0.546527777778 0.01640625 0.0319444444444
