1 0.921484375 0.754166666667 0.04921875 0.116666666667
1 0.389453125 0.545833333333 0.01328125 0.0361111111111
1 0.36015625 0.582638888889 0.01875 0.0486111111111
1 0.460546875 0.645138888889 0.03203125 0.0708333333333
0 0.2046875 0.547222222222 0.015625 0.0333333333333
0 0.369140625 0.515277777778 0.01015625 0.025
2 0.42578125 0.577083333333 0.0359375 0.145833333333
2 0.594140625 0.620833333333 0.05078125 0.191666666667
2 0.107421875 0.517361111111 0.01015625 0.0263888888889
2 0.141015625 0.53125 0.01171875 0.0291666666667
0 0.494921875 0.50625 0.00859375 0.0208333333333
0 0.642578125 0.502083333333 0.00859375 0.0180555555556
0 0.806640625 0.502083333333 0.00859375 0.0180555555556
1 0.489453125 0.523611111111 0.01171875 0.0277777777778
1 0.57890625 0.515972222222 0.0109375 0.0236111111111
1 0.697265625 0.511111111111 0.01015625 0.0222222222222
1 0.832421875 0.510416666667 0.01015625 0.0208333333333
1 0.985546875 0.513888888889 0.01015625 0.0222222222222
