2 0.5546875 0.578472222222 0.0203125 0.0486111111111
2 0.594921875 0.547916666667 0.01484375 0.0347222222222
0 0.553515625 0.665972222222 0.03984375 0.0736111111111
0 0.82734375 0.588194444444 0.025 0.0486111111111
0 0.916796875 0.534027777778 0.01484375 0.0319444444444
1 0.803125 0.548611111111 0.01875 0.0361111111111
1 0.613671875 0.508333333333 0.00859375 0.0222222222222
1 0.6359375 0.522222222222 0.0109375 0.0277777777778
1 0.66171875 0.497222222222 0.00625 0.0166666666667
1 0.840625 0.4875 0.00625 0.0138888888889
0 0.8921875 0.491666666667 0.0078125 0.0166666666667
0 0.817578125 0.494444444444 0.00703125 0.0166666666667
0 0.780859375 0.51875 0.01015625 0.0236111111111
0 0.76015625 0.5 0.0078125 0.0166666666667
0 0.741796875 0.508333333333 0.01015625 0.0222222222222
0 0.98359375 0.488888888889 0.00625 0.0166666666667
1 0.953125 0.485416666667 0.0046875 0.0152777777778
