2 0.921875 0.608333333333 0.0296875 0.0583333333333
2 0.049609375 0.55 0.03515625 0.105555555556
1 0.218359375 0.579861111111 0.01953125 0.0458333333333
1 0.45859375 0.5625 0.01875 0.0388888888889
1 0.5140625 0.686805555556 0.0390625 0.0847222222222
1 0.608203125 0.541666666667 0.01328125 0.0333333333333
0 0.6015625 0.597222222222 0.0265625 0.0527777777778
0 0.801953125 0.553472222222 0.01640625 0.0375
0 0.660546875 0.5 0.00859375 0.0166666666667
0 0.762109375 0.509722222222 0.01015625 0.0222222222222
0 0.191796875 0.499305555556 0.00703125 0.0152777777778
0 0.038671875 0.504861111111 0.00703125 0.0180555555556
0 0.54609375 0.495138888889 0.00625 0.0152777777778
1 0.095703125 0.509027777778 0.00859375 0.0180555555556
1 0.211328125 0.505555555556 0.00703125 0.0166666666667
1 0.405859375 0.501388888889 0.00703125 0.0166666666667
1 0.49140625 0.501388888889 0.0078125 0.0166666666667
1 0.573828125 0.504861111111 0.00859375 0.0180555555556
1 0.63515625 0.513888888889 0.009375 0.0222222222222
1 0.648828125 0.524305555556 0.01015625 0.0263888888889
