1 0.258984375 0.585416666667 0.01953125 0.0458333333333
1 0.508984375 0.569444444444 0.01796875 0.0416666666667
1 0.5734375 0.720138888889 0.0453125 0.0986111111111
1 0.666015625 0.549305555556 0.01484375 0.0347222222222
0 0.6640625 0.613194444444 0.0265625 0.0569444444444
0 0.878515625 0.564583333333 0.01796875 0.0402777777778
2 0.088671875 0.552083333333 0.03359375 0.109722222222
0 0.888671875 0.532638888889 0.01171875 0.0291666666667
0 0.82734375 0.515972222222 0.0109375 0.0236111111111
0 0.7171875 0.504166666667 0.0078125 0.0166666666667
0 0.596875 0.498611111111 0.0078125 0.0166666666667
0 0.4875 0.497222222222 0.00625 0.0138888888889
1 0.626171875 0.508333333333 0.00859375 0.0194444444444
1 0.691015625 0.518055555556 0.00859375 0.025
1 0.707421875 0.529861111111 0.01015625 0.0291666666667
1 0.54140625 0.504166666667 0.0078125 0.0194444444444
1 0.0328125 0.515972222222 0.0109375 0.0208333333333
1 0.146875 0.509027777778 0.009375 0.0180555555556
1 0.2609375 0.505555555556 0.00625 0.0166666666667
1 0.45390625 0.502777777778 0.0078125 0.0166666666667
