2 0.796484375 0.5875 0.02421875 0.05
2 0.849609375 0.658333333333 0.03359375 0.0777777777778
2 0.017578125 0.54375 0.03359375 0.0958333333333
0 0.525 0.580555555556 0.021875 0.0444444444444
0 0.713671875 0.54375 0.01484375 0.0319444444444
1 0.176953125 0.56875 0.01953125 0.0402777777778
1 0.433984375 0.647222222222 0.03515625 0.0666666666667
1 0.40234375 0.554166666667 0.0171875 0.0361111111111
1 0.54296875 0.535416666667 0.0140625 0.0291666666667
1 0.441796875 0.501388888889 0.00703125 0.0166666666667
1 0.519921875 0.504861111111 0.00859375 0.0180555555556
1 0.57421875 0.511805555556 0.009375 0.0208333333333
1 0.58515625 0.521527777778 0.009375 0.0236111111111
1 0.050390625 0.507638888889 0.00703125 0.0180555555556
1 0.166015625 0.502777777778 0.00703125 0.0166666666667
0 0.603125 0.498611111111 0.0078125 0.0166666666667
0 0.69375 0.507638888889 0.0078125 0.0208333333333
0 0.7359375 0.521527777778 0.0109375 0.0263888888889
0 0.494921875 0.495833333333 0.00546875 0.0138888888889
0 0.146484375 0.499305555556 0.00546875 0.0152777777778
1 0.35859375 0.500694444444 0.0078125 0.0152777777778
1 0.272265625 0.500694444444 0.00703125 0.0152777777778
0 0.279296875 0.496527777778 0.00546875 0.0125
