1 0.792578125 0.606944444444 0.02890625 0.0583333333333
1 0.46796875 0.611805555556 0.0234375 0.0569444444444
1 0.076171875 0.561805555556 0.01640625 0.0402777777778
1 0.18046875 0.590277777778 0.021875 0.05
1 0.090234375 0.534722222222 0.01171875 0.0305555555556
2 0.144921875 0.546527777778 0.03046875 0.109722222222
2 0.28046875 0.561805555556 0.0390625 0.123611111111
1 0.6921875 0.502083333333 0.009375 0.0180555555556
1 0.797265625 0.505555555556 0.01015625 0.0194444444444
1 0.91328125 0.513888888889 0.0109375 0.025
1 0.184765625 0.516666666667 0.01171875 0.0222222222222
1 0.26875 0.506944444444 0.009375 0.0222222222222
1 0.376171875 0.502083333333 0.00703125 0.0180555555556
1 0.485546875 0.499305555556 0.00703125 0.0180555555556
1 0.59453125 0.498611111111 0.0078125 0.0166666666667
0 0.865234375 0.499305555556 0.00859375 0.0180555555556
0 0.055859375 0.514583333333 0.01171875 0.0236111111111
0 0.329296875 0.496527777778 0.00703125 0.0152777777778
