2 0.3859375 0.663888888889 0.0625 0.227777777778
1 0.640625 0.568055555556 0.0171875 0.0416666666667
0 0.925 0.581944444444 0.01875 0.0444444444444
0 0.322265625 0.825694444444 0.06328125 0.143055555556
0 0.446875 0.668055555556 0.0265625 0.0777777777778
0 0.4203125 0.59375 0.01875 0.0513888888889
0 0.313671875 0.558333333333 0.01640625 0.0361111111111
2 0.672265625 0.541666666667 0.01328125 0.0305555555556
2 0.691796875 0.525 0.01015625 0.025
2 0.861328125 0.529166666667 0.01171875 0.0277777777778
2 0.87734375 0.55 0.015625 0.0333333333333
0 0.158203125 0.544444444444 0.01484375 0.0305555555556
1 0.08828125 0.525 0.0109375 0.0277777777778
1 0.27578125 0.527083333333 0.0125 0.0263888888889
1 0.482421875 0.540277777778 0.01328125 0.0305555555556
