2 0.437890625 0.650694444444 0.06640625 0.226388888889
2 0.62265625 0.588194444444 0.04375 0.156944444444
0 0.1140625 0.830555555556 0.0640625 0.144444444444
0 0.58984375 0.668055555556 0.0375 0.0805555555556
0 0.66328125 0.603472222222 0.021875 0.0569444444444
0 0.640625 0.558333333333 0.0171875 0.0416666666667
1 0.83671875 0.547222222222 0.015625 0.0361111111111
1 0.17578125 0.505555555556 0.0078125 0.0194444444444
1 0.36796875 0.504166666667 0.0078125 0.0194444444444
1 0.514453125 0.508333333333 0.00859375 0.0222222222222
1 0.693359375 0.521527777778 0.01171875 0.0263888888889
0 0.14921875 0.517361111111 0.009375 0.0236111111111
0 0.309765625 0.515277777778 0.00859375 0.0222222222222
0 0.55234375 0.530555555556 0.0109375 0.0305555555556
0 0.428515625 0.51875 0.01171875 0.0263888888889
2 0.875390625 0.527083333333 0.01328125 0.0291666666667
2 0.901953125 0.513888888889 0.01015625 0.025
