1 0.033203125 0.579166666667 0.02109375 0.0472222222222
1 0.311328125 0.626388888889 0.03046875 0.0638888888889
0 0.358984375 0.776388888889 0.05546875 0.116666666667
0 0.4671875 0.570833333333 0.021875 0.0444444444444
0 0.28203125 0.552083333333 0.015625 0.0375
0 0.726953125 0.576388888889 0.01953125 0.0444444444444
0 0.961328125 0.564583333333 0.02109375 0.0430555555556
2 0.862890625 0.538194444444 0.03359375 0.106944444444
0 0.23125 0.535416666667 0.0125 0.0291666666667
0 0.260546875 0.516666666667 0.00859375 0.0222222222222
0 0.3328125 0.50625 0.009375 0.0208333333333
0 0.4140625 0.499305555556 0.0078125 0.0152777777778
0 0.502734375 0.495138888889 0.00703125 0.0180555555556
0 0.596875 0.491666666667 0.00625 0.0166666666667
0 0.697265625 0.492361111111 0.00546875 0.0152777777778
0 0.81328125 0.494444444444 0.0078125 0.0166666666667
0 0.91171875 0.5 0.009375 0.0194444444444
1 0.021484375 0.54375 0.01796875 0.0319444444444
1 0.121875 0.516666666667 0.0109375 0.025
1 0.244921875 0.501388888889 0.00703125 0.0194444444444
1 0.47109375 0.488194444444 0.00625 0.0152777777778
1 0.589453125 0.4875 0.00546875 0.0138888888889
1 0.7125 0.486805555556 0.0046875 0.0152777777778
