2 0.1828125 0.660416666667 0.0734375 0.231944444444
2 0.29296875 0.584722222222 0.04375 0.147222222222
2 0.829296875 0.648611111111 0.07421875 0.219444444444
2 0.7265625 0.579861111111 0.040625 0.148611111111
0 0.29609375 0.659027777778 0.034375 0.0763888888889
0 0.312109375 0.597916666667 0.01796875 0.0541666666667
0 0.246875 0.5625 0.01875 0.0388888888889
0 0.118359375 0.544444444444 0.01796875 0.0361111111111
0 0.6125 0.538194444444 0.0140625 0.0319444444444
1 0.725 0.654861111111 0.0359375 0.0736111111111
1 0.702734375 0.584027777778 0.02109375 0.0486111111111
1 0.78125 0.548611111111 0.015625 0.0361111111111
1 0.41328125 0.538888888889 0.0125 0.0333333333333
1 0.928125 0.534027777778 0.015625 0.0319444444444
0 0.8 0.51875 0.0125 0.0263888888889
0 0.9625 0.515277777778 0.0125 0.025
1 0.040625 0.523611111111 0.0140625 0.025
1 0.265234375 0.526388888889 0.01328125 0.0277777777778
2 0.429296875 0.521527777778 0.01171875 0.0263888888889
2 0.440625 0.509027777778 0.009375 0.0208333333333
2 0.569140625 0.506944444444 0.01015625 0.0222222222222
2 0.581640625 0.520833333333 0.01171875 0.0277777777778
