0 0.144140625 0.797222222222 0.05859375 0.122222222222
0 0.151953125 0.647916666667 0.03359375 0.0708333333333
0 0.021875 0.597222222222 0.028125 0.0527777777778
0 0.7703125 0.6 0.0234375 0.05
1 0.26484375 0.560416666667 0.0203125 0.0375
1 0.454296875 0.594444444444 0.02109375 0.05
2 0.49140625 0.556944444444 0.015625 0.0361111111111
2 0.512109375 0.532638888889 0.01171875 0.0291666666667
2 0.686328125 0.534722222222 0.01015625 0.0277777777778
2 0.708984375 0.559722222222 0.01328125 0.0361111111111
