1 0.793359375 0.701388888889 0.03828125 0.0944444444444
1 0.407421875 0.628472222222 0.02890625 0.0652777777778
1 0.31015625 0.579166666667 0.0171875 0.0472222222222
1 0.3359375 0.544444444444 0.0140625 0.0361111111111
0 0.153515625 0.547916666667 0.01640625 0.0347222222222
0 0.315234375 0.518055555556 0.01171875 0.025
2 0.04921875 0.521527777778 0.009375 0.0236111111111
2 0.0859375 0.533333333333 0.0125 0.0277777777778
2 0.3734375 0.56875 0.034375 0.129166666667
2 0.525 0.604861111111 0.04375 0.170833333333
0 0.43828125 0.507638888889 0.0078125 0.0208333333333
0 0.580859375 0.501388888889 0.00859375 0.0194444444444
0 0.734375 0.501388888889 0.0078125 0.0194444444444
0 0.900390625 0.502777777778 0.00703125 0.0166666666667
1 0.4328125 0.524305555556 0.0125 0.0263888888889
1 0.63125 0.509722222222 0.0078125 0.0194444444444
1 0.756640625 0.509027777778 0.00859375 0.0208333333333
1 0.89453125 0.509722222222 0.009375 0.0222222222222
