1 0.178515625 0.575 0.01953125 0.0416666666667
1 0.41328125 0.559027777778 0.0171875 0.0375
1 0.463671875 0.661805555556 0.03828125 0.0736111111111
1 0.55546875 0.538888888889 0.0140625 0.0305555555556
0 0.54609375 0.5875 0.021875 0.0472222222222
0 0.73359375 0.547916666667 0.015625 0.0347222222222
2 0.832421875 0.59375 0.02734375 0.0541666666667
2 0.915625 0.675 0.040625 0.0861111111111
2 0.01328125 0.547222222222 0.025 0.102777777778
1 0.043359375 0.509722222222 0.01015625 0.0194444444444
1 0.1625 0.505555555556 0.00625 0.0166666666667
1 0.52421875 0.505555555556 0.0078125 0.0166666666667
1 0.582421875 0.513194444444 0.00859375 0.0208333333333
1 0.5953125 0.522222222222 0.009375 0.025
1 0.35859375 0.502777777778 0.00625 0.0138888888889
1 0.444140625 0.502777777778 0.00703125 0.0166666666667
0 0.608203125 0.5 0.00703125 0.0166666666667
0 0.703125 0.509722222222 0.009375 0.0194444444444
0 0.75 0.522916666667 0.0109375 0.0236111111111
0 0.496875 0.496527777778 0.00625 0.0152777777778
0 0.14140625 0.502083333333 0.00625 0.0152777777778
