1 0.087890625 0.575694444444 0.02578125 0.0430555555556
1 0.340625 0.583333333333 0.01875 0.0472222222222
1 0.65 0.742361111111 0.0515625 0.106944444444
1 0.59296875 0.574305555556 0.0203125 0.0430555555556
1 0.759765625 0.552777777778 0.01953125 0.0361111111111
0 0.75546875 0.622916666667 0.0296875 0.0597222222222
2 0.180859375 0.55 0.03515625 0.105555555556
2 0.05 0.540972222222 0.0296875 0.0958333333333
1 0.7890625 0.520833333333 0.0109375 0.025
1 0.805859375 0.534027777778 0.01171875 0.0291666666667
1 0.71953125 0.509722222222 0.0078125 0.0194444444444
1 0.541796875 0.502777777778 0.00703125 0.0166666666667
1 0.63125 0.504861111111 0.0078125 0.0180555555556
1 0.058984375 0.520833333333 0.01015625 0.025
1 0.140625 0.5125 0.009375 0.0194444444444
1 0.247265625 0.506944444444 0.00859375 0.0166666666667
1 0.353125 0.502777777778 0.00625 0.0166666666667
0 0.939453125 0.518055555556 0.01171875 0.025
0 0.8171875 0.504861111111 0.0078125 0.0180555555556
0 0.688671875 0.499305555556 0.00703125 0.0152777777778
0 0.57578125 0.498611111111 0.00625 0.0138888888889
