2 0.298828125 0.713888888889 0.08203125 0.288888888889
2 0.5328125 0.613194444444 0.05 0.179166666667
0 0.49375 0.717361111111 0.0421875 0.0986111111111
0 0.578515625 0.624305555556 0.02578125 0.0652777777778
0 0.552734375 0.570138888889 0.01796875 0.0430555555556
1 0.753515625 0.554166666667 0.01640625 0.0388888888889
0 0.457421875 0.540972222222 0.01171875 0.0347222222222
0 0.190625 0.525694444444 0.0125 0.0263888888889
0 0.323046875 0.528472222222 0.01328125 0.0263888888889
1 0.0390625 0.517361111111 0.009375 0.0208333333333
1 0.259765625 0.513194444444 0.01015625 0.0236111111111
1 0.418359375 0.515277777778 0.00859375 0.0222222222222
1 0.60625 0.529166666667 0.0109375 0.0277777777778
2 0.788671875 0.532638888889 0.01171875 0.0291666666667
2 0.8109375 0.516666666667 0.009375 0.025
2 0.985546875 0.521527777778 0.01171875 0.0263888888889
2 0.994140625 0.541666666667 0.01171875 0.0333333333333
