2 0.427734375 0.603472222222 0.02734375 0.0513888888889
2 0.475390625 0.560416666667 0.01796875 0.0402777777778
1 0.7 0.559027777778 0.0203125 0.0402777777778
0 0.4203125 0.738194444444 0.0515625 0.104166666667
0 0.73515625 0.60625 0.03125 0.0541666666667
0 0.81015625 0.538194444444 0.0171875 0.0319444444444
0 0.67109375 0.523611111111 0.0125 0.025
0 0.629296875 0.511111111111 0.00859375 0.0222222222222
0 0.646484375 0.501388888889 0.00703125 0.0194444444444
0 0.7015625 0.496527777778 0.0078125 0.0180555555556
0 0.77265625 0.492361111111 0.00625 0.0152777777778
0 0.8578125 0.490972222222 0.00625 0.0152777777778
0 0.958984375 0.488888888889 0.00546875 0.0166666666667
1 0.497265625 0.513194444444 0.00703125 0.0208333333333
1 0.522265625 0.530555555556 0.01171875 0.0277777777778
1 0.547265625 0.5 0.00703125 0.0166666666667
1 0.72265625 0.489583333333 0.0046875 0.0125
1 0.827734375 0.4875 0.00546875 0.0138888888889
