2 0.4046875 0.646527777778 0.0578125 0.209722222222
2 0.9078125 0.547916666667 0.0140625 0.0347222222222
2 0.70234375 0.538888888889 0.0140625 0.0305555555556
1 0.51484375 0.5375 0.0140625 0.0305555555556
1 0.666015625 0.563888888889 0.01640625 0.0416666666667
0 0.949609375 0.579861111111 0.02109375 0.0458333333333
0 0.3359375 0.791666666667 0.0625 0.125
0 0.465625 0.654166666667 0.03125 0.0722222222222
0 0.448828125 0.5875 0.02265625 0.05
0 0.3515625 0.554166666667 0.0171875 0.0361111111111
0 0.05390625 0.5375 0.015625 0.0277777777778
0 0.205859375 0.538888888889 0.01640625 0.0305555555556
1 0.140234375 0.522916666667 0.01015625 0.0236111111111
1 0.316796875 0.523611111111 0.01171875 0.025
2 0.725 0.522222222222 0.0109375 0.0277777777778
2 0.896875 0.527777777778 0.0125 0.0277777777778
2 0.0421875 0.809722222222 0.0796875 0.380555555556
