2 0.5046875 0.607638888889 0.053125 0.179166666667
2 0.66796875 0.568055555556 0.0359375 0.136111111111
2 0.93515625 0.528472222222 0.0125 0.0291666666667
2 0.96875 0.515972222222 0.0125 0.0263888888889
0 0.269140625 0.71875 0.04140625 0.101388888889
0 0.632421875 0.633333333333 0.03203125 0.0666666666667
0 0.708984375 0.586805555556 0.01953125 0.0486111111111
0 0.698046875 0.550694444444 0.01640625 0.0375
1 0.8890625 0.545138888889 0.0140625 0.0347222222222
1 0.75625 0.520138888889 0.0125 0.0263888888889
0 0.11484375 0.513194444444 0.009375 0.0236111111111
0 0.25703125 0.509027777778 0.0078125 0.0208333333333
0 0.398046875 0.509722222222 0.00859375 0.0222222222222
0 0.619140625 0.527083333333 0.01171875 0.0263888888889
1 0.278515625 0.5 0.00703125 0.0194444444444
1 0.451171875 0.501388888889 0.00703125 0.0194444444444
1 0.5875 0.505555555556 0.009375 0.0194444444444
