2 0.354296875 0.563888888889 0.03203125 0.127777777778
2 0.501171875 0.596527777778 0.04140625 0.168055555556
2 0.065234375 0.532638888889 0.01328125 0.0263888888889
2 0.02734375 0.519444444444 0.009375 0.025
0 0.133984375 0.545833333333 0.01640625 0.0333333333333
0 0.294921875 0.515972222222 0.01171875 0.0236111111111
1 0.31640625 0.541666666667 0.0140625 0.0361111111111
1 0.2921875 0.575694444444 0.0171875 0.0458333333333
1 0.38671875 0.621527777778 0.028125 0.0625
1 0.754296875 0.682638888889 0.03515625 0.0875
1 0.412109375 0.521527777778 0.01171875 0.0263888888889
1 0.608203125 0.506944444444 0.00859375 0.0222222222222
1 0.730859375 0.505555555556 0.00859375 0.0194444444444
1 0.8640625 0.507638888889 0.009375 0.0208333333333
0 0.86953125 0.498611111111 0.0078125 0.0166666666667
0 0.708984375 0.498611111111 0.00703125 0.0166666666667
0 0.55859375 0.500694444444 0.0078125 0.0180555555556
