1 0.280859375 0.669444444444 0.03984375 0.0777777777778
1 0.914453125 0.605555555556 0.02578125 0.0583333333333
1 0.677734375 0.565277777778 0.02265625 0.0444444444444
1 0.58984375 0.534027777778 0.0125 0.0347222222222
0 0.76640625 0.672916666667 0.040625 0.0819444444444
0 0.096484375 0.606944444444 0.03046875 0.0555555555556
0 0.32890625 0.561805555556 0.0203125 0.0402777777778
0 0.4015625 0.533333333333 0.0109375 0.0333333333333
2 0.369921875 0.518055555556 0.02265625 0.0833333333333
2 0.390625 0.505555555556 0.015625 0.0722222222222
2 0.618359375 0.520138888889 0.02109375 0.0791666666667
2 0.600390625 0.504861111111 0.01640625 0.0680555555556
1 0.434765625 0.497916666667 0.00859375 0.0236111111111
1 0.661328125 0.503472222222 0.01015625 0.0236111111111
0 0.5625 0.498611111111 0.0078125 0.0194444444444
0 0.25078125 0.5 0.009375 0.0222222222222
0 0.34140625 0.506944444444 0.0109375 0.0222222222222
0 0.12265625 0.497222222222 0.009375 0.0222222222222
