2 0.58828125 0.55 0.0140625 0.0333333333333
2 0.386328125 0.551388888889 0.01484375 0.0333333333333
0 0.083984375 0.757638888889 0.05078125 0.104166666667
0 0.0609375 0.640972222222 0.0359375 0.0652777777778
0 0.63984375 0.584027777778 0.021875 0.0458333333333
0 0.8765625 0.546527777778 0.015625 0.0319444444444
1 0.84140625 0.702777777778 0.0421875 0.0916666666667
1 0.9046875 0.608333333333 0.0234375 0.0555555555556
1 0.35234375 0.586111111111 0.01875 0.0472222222222
1 0.158984375 0.561805555556 0.01796875 0.0375
2 0.405859375 0.53125 0.01015625 0.0263888888889
2 0.570703125 0.529166666667 0.01015625 0.0277777777778
