0 0.08828125 0.544444444444 0.015625 0.0333333333333
0 0.228125 0.515972222222 0.009375 0.0236111111111
1 0.33984375 0.608333333333 0.0265625 0.0583333333333
1 0.65078125 0.726388888889 0.046875 0.105555555556
1 0.05546875 0.570833333333 0.0203125 0.0416666666667
2 0.283984375 0.533333333333 0.01328125 0.0333333333333
2 0.30859375 0.554166666667 0.015625 0.0388888888889
0 0.114453125 0.495138888889 0.00703125 0.0152777777778
0 0.241796875 0.502777777778 0.00859375 0.0222222222222
0 0.205078125 0.497222222222 0.00703125 0.0166666666667
1 0.078515625 0.520138888889 0.01015625 0.0236111111111
1 0.093359375 0.503472222222 0.01015625 0.0180555555556
1 0.109375 0.509722222222 0.009375 0.0194444444444
1 0.028125 0.501388888889 0.0078125 0.0166666666667
