1 0.14921875 0.572222222222 0.01875 0.0388888888889
1 0.378125 0.555555555556 0.0171875 0.0361111111111
1 0.428515625 0.647222222222 0.03359375 0.0722222222222
1 0.51640625 0.536111111111 0.0140625 0.0305555555556
0 0.50703125 0.58125 0.021875 0.0458333333333
0 0.686328125 0.543055555556 0.01484375 0.0305555555556
2 0.7734375 0.584027777778 0.021875 0.0486111111111
2 0.837890625 0.653472222222 0.03359375 0.0763888888889
1 0.4078125 0.501388888889 0.00625 0.0166666666667
1 0.48671875 0.504166666667 0.0078125 0.0194444444444
1 0.54375 0.511111111111 0.0078125 0.0166666666667
1 0.55546875 0.520138888889 0.009375 0.0236111111111
1 0.1234375 0.504861111111 0.00625 0.0180555555556
1 0.003515625 0.510416666667 0.00546875 0.0180555555556
0 0.569140625 0.499305555556 0.00703125 0.0152777777778
0 0.660546875 0.50625 0.01015625 0.0208333333333
0 0.70390625 0.519444444444 0.0109375 0.025
0 0.4609375 0.496527777778 0.00625 0.0152777777778
0 0.10234375 0.502083333333 0.00625 0.0152777777778
