0 0.58046875 0.594444444444 0.0234375 0.05
0 0.774609375 0.552083333333 0.01640625 0.0347222222222
1 0.494921875 0.677083333333 0.03828125 0.0791666666667
1 0.203125 0.578472222222 0.01875 0.0430555555556
1 0.44140625 0.5625 0.01875 0.0388888888889
2 0.982421875 0.695138888889 0.03359375 0.0902777777778
2 0.8859375 0.602777777778 0.028125 0.0555555555556
2 0.035546875 0.55 0.03984375 0.102777777778
0 0.64140625 0.499305555556 0.0078125 0.0152777777778
0 0.739453125 0.509722222222 0.01015625 0.0222222222222
0 0.790234375 0.525 0.01171875 0.025
0 0.01875 0.506944444444 0.0078125 0.0222222222222
1 0.587890625 0.541666666667 0.01328125 0.0305555555556
1 0.627734375 0.525 0.01015625 0.025
1 0.61484375 0.514583333333 0.009375 0.0236111111111
1 0.5546875 0.50625 0.00625 0.0180555555556
1 0.4734375 0.502777777778 0.0078125 0.0166666666667
1 0.075390625 0.511805555556 0.00859375 0.0180555555556
1 0.192578125 0.50625 0.00703125 0.0152777777778
1 0.3875 0.503472222222 0.00625 0.0152777777778
0 0.52734375 0.497916666667 0.00625 0.0152777777778
