2 0.501171875 0.554166666667 0.01796875 0.0388888888889
2 0.5203125 0.591666666667 0.021875 0.0527777777778
0 0.283984375 0.559722222222 0.01953125 0.0388888888889
0 0.446875 0.527777777778 0.0125 0.025
1 0.540625 0.718055555556 0.05 0.102777777778
1 0.165234375 0.544444444444 0.01640625 0.0333333333333
1 0.2140625 0.601388888889 0.0265625 0.0555555555556
1 0.100390625 0.500694444444 0.00859375 0.0152777777778
1 0.273828125 0.502083333333 0.00859375 0.0180555555556
1 0.298828125 0.527083333333 0.01015625 0.0263888888889
1 0.328125 0.506944444444 0.0078125 0.0194444444444
1 0.337890625 0.514583333333 0.00859375 0.0208333333333
1 0.19296875 0.5 0.0078125 0.0166666666667
0 0.43671875 0.501388888889 0.0078125 0.0194444444444
0 0.469921875 0.511111111111 0.00859375 0.0222222222222
0 0.135546875 0.496527777778 0.00703125 0.0152777777778
0 0.004296875 0.498611111111 0.00546875 0.0138888888889
