2 0.633203125 0.574305555556 0.04140625 0.143055555556
2 0.779296875 0.55 0.03671875 0.116666666667
0 0.8171875 0.540277777778 0.015625 0.0361111111111
0 0.820703125 0.571527777778 0.01640625 0.0430555555556
0 0.74453125 0.602777777778 0.0265625 0.0555555555556
0 0.4578125 0.645138888889 0.03125 0.0708333333333
0 0.0171875 0.661805555556 0.0328125 0.0791666666667
1 0.882421875 0.515972222222 0.01171875 0.0263888888889
0 0.034765625 0.513194444444 0.01171875 0.0236111111111
0 0.1671875 0.505555555556 0.0109375 0.0222222222222
0 0.29296875 0.500694444444 0.0078125 0.0208333333333
0 0.410546875 0.498611111111 0.00859375 0.0194444444444
0 0.536328125 0.501388888889 0.00859375 0.0194444444444
0 0.74453125 0.519444444444 0.0109375 0.0277777777778
1 0.127734375 0.498611111111 0.00859375 0.0194444444444
1 0.284765625 0.49375 0.00859375 0.0180555555556
1 0.427734375 0.491666666667 0.00703125 0.0166666666667
1 0.584765625 0.494444444444 0.00859375 0.0166666666667
1 0.715625 0.5 0.0078125 0.0194444444444
