2 0.36796875 0.519444444444 0.0203125 0.0861111111111
2 0.389453125 0.504861111111 0.01640625 0.0680555555556
2 0.61875 0.520138888889 0.0203125 0.0819444444444
2 0.6015625 0.50625 0.0140625 0.0736111111111
0 0.091796875 0.608333333333 0.03046875 0.0583333333333
0 0.327734375 0.563888888889 0.02109375 0.0388888888889
0 0.40078125 0.534027777778 0.0109375 0.0347222222222
0 0.771484375 0.675694444444 0.04140625 0.0819444444444
1 0.9203125 0.60625 0.0265625 0.0597222222222
1 0.6796875 0.565972222222 0.0203125 0.0430555555556
1 0.591015625 0.534027777778 0.01171875 0.0319444444444
1 0.279296875 0.672916666667 0.04140625 0.0791666666667
0 0.249609375 0.5 0.00859375 0.0222222222222
0 0.340234375 0.506944444444 0.01015625 0.025
0 0.563671875 0.498611111111 0.00859375 0.0194444444444
1 0.434765625 0.498611111111 0.00859375 0.0222222222222
1 0.662890625 0.504166666667 0.01015625 0.025
0 0.121484375 0.497916666667 0.00859375 0.0208333333333
