2 0.073046875 0.714583333333 0.10703125 0.284722222222
2 0.886328125 0.704166666667 0.09765625 0.280555555556
0 0.149609375 0.706944444444 0.04140625 0.0888888888889
0 0.105859375 0.619444444444 0.03203125 0.0638888888889
0 0.625 0.570833333333 0.01875 0.0416666666667
1 0.951171875 0.90625 0.08828125 0.1625
1 0.78984375 0.667361111111 0.0328125 0.0819444444444
1 0.8625 0.591666666667 0.021875 0.0527777777778
1 0.36171875 0.574305555556 0.01875 0.0430555555556
1 0.177734375 0.553472222222 0.01796875 0.0347222222222
2 0.391015625 0.54375 0.01328125 0.0319444444444
2 0.4078125 0.526388888889 0.0109375 0.025
2 0.5640625 0.524305555556 0.009375 0.0263888888889
2 0.580078125 0.543055555556 0.01171875 0.0305555555556
0 0.850390625 0.539583333333 0.01484375 0.0319444444444
