2 0.504296875 0.629166666667 0.05859375 0.2
2 0.674609375 0.577777777778 0.04296875 0.144444444444
0 0.2390625 0.763888888889 0.05 0.122222222222
0 0.6421875 0.649305555556 0.034375 0.0736111111111
0 0.713671875 0.595138888889 0.02109375 0.0541666666667
0 0.692578125 0.554861111111 0.01796875 0.0375
1 0.887890625 0.546527777778 0.01484375 0.0347222222222
0 0.075 0.517361111111 0.009375 0.0236111111111
0 0.2265625 0.511805555556 0.0109375 0.0236111111111
0 0.375 0.5125 0.009375 0.0222222222222
0 0.4875 0.517361111111 0.0109375 0.0236111111111
0 0.60703125 0.529861111111 0.0140625 0.0291666666667
1 0.25 0.504166666667 0.0078125 0.0194444444444
1 0.429296875 0.503472222222 0.00859375 0.0180555555556
1 0.571484375 0.507638888889 0.01015625 0.0208333333333
1 0.746875 0.521527777778 0.0109375 0.0263888888889
2 0.930078125 0.527777777778 0.01328125 0.0277777777778
2 0.959765625 0.514583333333 0.01015625 0.0236111111111
