2 0.352734375 0.542361111111 0.01640625 0.0347222222222
2 0.37109375 0.571527777778 0.0203125 0.0458333333333
0 0.299609375 0.522916666667 0.01171875 0.0263888888889
0 0.143359375 0.552083333333 0.01796875 0.0347222222222
1 0.387109375 0.652777777778 0.03359375 0.0722222222222
1 0.083984375 0.588888888889 0.02734375 0.0472222222222
1 0.01328125 0.542361111111 0.01875 0.0319444444444
1 0.150390625 0.524305555556 0.01328125 0.0236111111111
1 0.02421875 0.501388888889 0.0078125 0.0166666666667
1 0.115234375 0.501388888889 0.00859375 0.0166666666667
1 0.175390625 0.504166666667 0.00703125 0.0194444444444
1 0.18671875 0.511805555556 0.009375 0.0208333333333
0 0.2015625 0.494444444444 0.0078125 0.0166666666667
0 0.2875 0.499305555556 0.009375 0.0152777777778
0 0.32109375 0.505555555556 0.009375 0.0222222222222
0 0.084375 0.495138888889 0.0078125 0.0152777777778
