2 0.08671875 0.68125 0.0484375 0.0847222222222
2 0.198828125 0.59375 0.02734375 0.0541666666667
2 0.973828125 0.525694444444 0.03359375 0.0958333333333
0 0.54296875 0.659027777778 0.0359375 0.0763888888889
0 0.614453125 0.547222222222 0.01796875 0.0388888888889
0 0.8421875 0.55625 0.01875 0.0402777777778
1 0.494921875 0.580555555556 0.02421875 0.0472222222222
1 0.278125 0.545833333333 0.015625 0.0333333333333
0 0.459375 0.531944444444 0.0140625 0.0305555555556
0 0.413671875 0.518055555556 0.00859375 0.025
0 0.43359375 0.505555555556 0.0078125 0.0194444444444
0 0.49296875 0.497222222222 0.0078125 0.0166666666667
0 0.564453125 0.491666666667 0.00703125 0.0166666666667
0 0.64609375 0.488888888889 0.00625 0.0166666666667
0 0.737890625 0.4875 0.00703125 0.0138888888889
0 0.839453125 0.486805555556 0.00703125 0.0180555555556
0 0.959375 0.490277777778 0.0078125 0.0194444444444
1 0.254296875 0.522222222222 0.01015625 0.0277777777778
1 0.3203125 0.504166666667 0.0078125 0.0194444444444
1 0.4171875 0.49375 0.0078125 0.0152777777778
1 0.51328125 0.486805555556 0.0046875 0.0125
1 0.730859375 0.481944444444 0.00546875 0.0138888888889
