2 0.360546875 0.535416666667 0.01328125 0.0347222222222
2 0.383203125 0.559027777778 0.01640625 0.0402777777778
1 0.412890625 0.622222222222 0.03046875 0.0638888888889
1 0.7921875 0.804861111111 0.0640625 0.131944444444
1 0.125390625 0.573611111111 0.02265625 0.0444444444444
0 0.16640625 0.54375 0.015625 0.0347222222222
0 0.305078125 0.517361111111 0.01171875 0.0263888888889
1 0.028515625 0.497916666667 0.00859375 0.0152777777778
1 0.0390625 0.535416666667 0.0140625 0.0291666666667
1 0.11953125 0.498611111111 0.0078125 0.0166666666667
1 0.1609375 0.51875 0.009375 0.0263888888889
1 0.179296875 0.502083333333 0.00703125 0.0180555555556
1 0.193359375 0.508333333333 0.00859375 0.0194444444444
0 0.28671875 0.496527777778 0.0078125 0.0152777777778
0 0.321875 0.504166666667 0.0078125 0.0194444444444
0 0.084765625 0.491666666667 0.00703125 0.0138888888889
