2 0.09453125 0.540972222222 0.0265625 0.101388888889
2 0.225390625 0.551388888889 0.03359375 0.108333333333
1 0.748046875 0.802083333333 0.05859375 0.131944444444
1 0.658984375 0.58125 0.02265625 0.0486111111111
1 0.840234375 0.558333333333 0.01953125 0.0416666666667
1 0.391015625 0.590972222222 0.02109375 0.0486111111111
1 0.133203125 0.578472222222 0.02265625 0.0458333333333
1 0.025 0.559027777778 0.0171875 0.0375
0 0.85078125 0.640972222222 0.0359375 0.0708333333333
0 0.89375 0.504861111111 0.009375 0.0208333333333
0 0.753515625 0.498611111111 0.00703125 0.0166666666667
0 0.517578125 0.494444444444 0.00546875 0.0138888888889
0 0.391015625 0.495833333333 0.00546875 0.0166666666667
1 0.8875 0.536111111111 0.0125 0.0305555555556
1 0.865625 0.522222222222 0.0109375 0.025
1 0.788671875 0.511111111111 0.01171875 0.0222222222222
1 0.59921875 0.502083333333 0.0078125 0.0180555555556
1 0.692578125 0.504166666667 0.00859375 0.0194444444444
1 0.115234375 0.519444444444 0.01015625 0.0222222222222
1 0.196875 0.511111111111 0.009375 0.0194444444444
1 0.30078125 0.504166666667 0.0078125 0.0166666666667
1 0.40703125 0.502083333333 0.00625 0.0152777777778
