2 0.3328125 0.561805555556 0.040625 0.123611111111
2 0.373046875 0.534722222222 0.02265625 0.105555555556
2 0.7078125 0.560416666667 0.034375 0.129166666667
2 0.670703125 0.533333333333 0.02265625 0.1
0 0.248828125 0.64375 0.03203125 0.0680555555556
0 0.387109375 0.577083333333 0.01640625 0.0458333333333
0 0.605859375 0.514583333333 0.01015625 0.0236111111111
1 0.830859375 0.647916666667 0.03671875 0.0708333333333
1 0.659765625 0.576388888889 0.01796875 0.0472222222222
1 0.446875 0.514583333333 0.009375 0.0263888888889
1 0.73515625 0.522916666667 0.0125 0.0291666666667
2 0.45703125 0.502777777778 0.009375 0.0222222222222
2 0.583984375 0.504166666667 0.00859375 0.0222222222222
0 0.066015625 0.516666666667 0.01171875 0.025
0 0.21875 0.517361111111 0.0125 0.0291666666667
0 0.76640625 0.502777777778 0.009375 0.0222222222222
1 0.976171875 0.511805555556 0.01328125 0.0263888888889
1 0.860546875 0.513194444444 0.01328125 0.0236111111111
1 0.137109375 0.502777777778 0.01015625 0.0222222222222
