1 0.09375 0.55 0.0171875 0.0333333333333
1 0.349609375 0.565972222222 0.01953125 0.0402777777778
1 0.5453125 0.606944444444 0.021875 0.0555555555556
0 0.90390625 0.620833333333 0.0296875 0.0583333333333
0 0.108203125 0.600694444444 0.02421875 0.0486111111111
0 0.22578125 0.663194444444 0.034375 0.0791666666667
0 0.192578125 0.851388888889 0.06328125 0.147222222222
2 0.58359375 0.563888888889 0.0171875 0.0388888888889
2 0.604296875 0.538194444444 0.01171875 0.0291666666667
2 0.79296875 0.541666666667 0.0125 0.0333333333333
2 0.821484375 0.569444444444 0.01796875 0.0416666666667
