0 0.5328125 0.678472222222 0.040625 0.0791666666667
0 0.809765625 0.590277777778 0.02578125 0.0527777777778
0 0.896484375 0.534027777778 0.01640625 0.0319444444444
1 0.783203125 0.55 0.01796875 0.0361111111111
2 0.53125 0.582638888889 0.0234375 0.0486111111111
2 0.572265625 0.547222222222 0.01328125 0.0333333333333
1 0.5921875 0.508333333333 0.0078125 0.0194444444444
1 0.615234375 0.523611111111 0.01015625 0.0277777777778
1 0.640234375 0.497222222222 0.00703125 0.0166666666667
1 0.723828125 0.490277777778 0.00546875 0.0138888888889
1 0.92890625 0.484722222222 0.00625 0.0138888888889
0 0.719921875 0.509027777778 0.00703125 0.0208333333333
0 0.738671875 0.5 0.00703125 0.0194444444444
0 0.759765625 0.519444444444 0.01015625 0.025
0 0.7953125 0.495138888889 0.00625 0.0152777777778
0 0.869140625 0.491666666667 0.00703125 0.0166666666667
0 0.958984375 0.489583333333 0.00703125 0.0180555555556
