2 0.576171875 0.571527777778 0.01953125 0.0430555555556
2 0.59765625 0.542361111111 0.0125 0.0319444444444
2 0.798828125 0.545138888889 0.01328125 0.0319444444444
2 0.837109375 0.578472222222 0.01953125 0.0458333333333
1 0.320703125 0.575 0.02109375 0.0444444444444
1 0.5359375 0.625 0.025 0.0611111111111
1 0.04296875 0.556944444444 0.0171875 0.0388888888889
0 0.943359375 0.642361111111 0.03671875 0.0708333333333
0 0.153125 0.706944444444 0.04375 0.0944444444444
0 0.03671875 0.619444444444 0.028125 0.0611111111111
