2 0.12578125 0.545138888889 0.0375 0.106944444444
2 0.261328125 0.560416666667 0.03984375 0.123611111111
1 0.966796875 0.575694444444 0.02421875 0.0458333333333
1 0.757421875 0.600694444444 0.02734375 0.0541666666667
1 0.444140625 0.607638888889 0.02421875 0.0541666666667
1 0.055078125 0.561111111111 0.01953125 0.0416666666667
1 0.16171875 0.5875 0.028125 0.0472222222222
1 0.0671875 0.535416666667 0.0140625 0.0319444444444
0 0.834375 0.498611111111 0.0078125 0.0194444444444
0 0.701953125 0.495138888889 0.00703125 0.0152777777778
0 0.03046875 0.513888888889 0.0109375 0.025
1 0.87890625 0.513888888889 0.0125 0.025
1 0.975 0.529861111111 0.0140625 0.0291666666667
1 0.769140625 0.504861111111 0.01015625 0.0208333333333
1 0.16171875 0.517361111111 0.0125 0.0236111111111
1 0.246484375 0.507638888889 0.00859375 0.0208333333333
1 0.353125 0.501388888889 0.0078125 0.0194444444444
1 0.463671875 0.499305555556 0.00703125 0.0180555555556
1 0.667578125 0.500694444444 0.00859375 0.0180555555556
1 0.57109375 0.497222222222 0.0078125 0.0166666666667
