0 0.544140625 0.584027777778 0.02109375 0.0458333333333
0 0.757421875 0.540277777778 0.01640625 0.0333333333333
1 0.78046875 0.702083333333 0.0390625 0.0930555555556
1 0.8046875 0.600694444444 0.021875 0.0541666666667
1 0.948828125 0.561805555556 0.02109375 0.0430555555556
1 0.236328125 0.597916666667 0.02421875 0.0513888888889
2 0.964453125 0.779166666667 0.07109375 0.372222222222
2 0.45703125 0.528472222222 0.0109375 0.0263888888889
2 0.482421875 0.550694444444 0.01328125 0.0347222222222
2 0.266796875 0.558333333333 0.01640625 0.0361111111111
2 0.28359375 0.534722222222 0.0109375 0.0277777777778
0 0.933203125 0.530555555556 0.01328125 0.0277777777778
