1 0.856640625 0.845833333333 0.08046875 0.158333333333
1 0.43984375 0.627083333333 0.034375 0.0652777777778
1 0.15078125 0.575 0.0234375 0.0416666666667
2 0.4109375 0.561111111111 0.01875 0.0416666666667
2 0.387890625 0.535416666667 0.01484375 0.0319444444444
0 0.1921875 0.54375 0.01875 0.0319444444444
0 0.332421875 0.515972222222 0.01171875 0.0236111111111
0 0.349609375 0.502777777778 0.00859375 0.0194444444444
0 0.315234375 0.495833333333 0.00859375 0.0166666666667
0 0.118359375 0.490972222222 0.00546875 0.0152777777778
1 0.061328125 0.496527777778 0.00703125 0.0152777777778
1 0.068359375 0.534722222222 0.01328125 0.0305555555556
1 0.15 0.497916666667 0.0078125 0.0180555555556
1 0.190234375 0.517361111111 0.00859375 0.0236111111111
1 0.209375 0.500694444444 0.0078125 0.0180555555556
1 0.222265625 0.506944444444 0.00859375 0.0194444444444
