1 0.859765625 0.515277777778 0.01328125 0.025
0 0.800390625 0.571527777778 0.01796875 0.0430555555556
0 0.79609375 0.540972222222 0.015625 0.0347222222222
0 0.72421875 0.605555555556 0.025 0.0583333333333
0 0.429296875 0.654166666667 0.03046875 0.075
2 0.6125 0.579861111111 0.0453125 0.148611111111
2 0.759765625 0.552777777778 0.03515625 0.119444444444
1 0.092578125 0.500694444444 0.00859375 0.0208333333333
1 0.25546875 0.494444444444 0.0078125 0.0166666666667
1 0.40234375 0.493055555556 0.0078125 0.0166666666667
1 0.691796875 0.500694444444 0.00859375 0.0180555555556
1 0.560546875 0.495138888889 0.00703125 0.0180555555556
1 0.98984375 0.538194444444 0.0140625 0.0347222222222
0 0.133203125 0.507638888889 0.01171875 0.0236111111111
0 0.2640625 0.502083333333 0.0078125 0.0208333333333
0 0.384765625 0.5 0.00703125 0.0222222222222
0 0.51171875 0.502083333333 0.0078125 0.0208333333333
0 0.721875 0.51875 0.0125 0.0263888888889
