1 0.728125 0.553472222222 0.015625 0.0375
1 0.557421875 0.527083333333 0.01171875 0.0263888888889
0 0.471875 0.697916666667 0.040625 0.0875
0 0.75859375 0.597222222222 0.025 0.0527777777778
0 0.83671875 0.536805555556 0.015625 0.0319444444444
2 0.471484375 0.591666666667 0.02421875 0.05
2 0.514453125 0.553472222222 0.01484375 0.0375
1 0.53359375 0.511111111111 0.0078125 0.0222222222222
1 0.58203125 0.498611111111 0.0078125 0.0166666666667
1 0.665234375 0.491666666667 0.00703125 0.0166666666667
1 0.8625 0.486111111111 0.00625 0.0138888888889
0 0.8921875 0.490972222222 0.00625 0.0152777777778
0 0.80625 0.493055555556 0.00625 0.0166666666667
0 0.735546875 0.497222222222 0.00703125 0.0166666666667
0 0.701953125 0.521527777778 0.01015625 0.0263888888889
0 0.680078125 0.501388888889 0.00703125 0.0166666666667
0 0.662890625 0.511805555556 0.00703125 0.0208333333333
