2 0.766015625 0.558333333333 0.01796875 0.0388888888889
2 0.806640625 0.5375 0.01328125 0.0305555555556
0 0.4875 0.720138888889 0.0484375 0.0930555555556
0 0.756640625 0.60625 0.02734375 0.0569444444444
1 0.833984375 0.507638888889 0.00859375 0.0208333333333
1 0.85390625 0.520833333333 0.0109375 0.0222222222222
1 0.8890625 0.498611111111 0.00625 0.0166666666667
1 0.984375 0.494444444444 0.00625 0.0166666666667
0 0.96953125 0.511111111111 0.009375 0.0222222222222
0 0.9953125 0.503472222222 0.0078125 0.0180555555556
