2 0.078125 0.9125 0.090625 0.169444444444
2 0.612890625 0.517361111111 0.02109375 0.0791666666667
2 0.596875 0.504166666667 0.0140625 0.0666666666667
2 0.369921875 0.516666666667 0.02109375 0.0833333333333
2 0.390625 0.502777777778 0.0171875 0.0666666666667
0 0.1078125 0.599305555556 0.028125 0.0541666666667
0 0.330859375 0.559722222222 0.02109375 0.0416666666667
0 0.754296875 0.664583333333 0.04140625 0.0763888888889
0 0.4015625 0.53125 0.0109375 0.0319444444444
1 0.28984375 0.658333333333 0.04375 0.0777777777778
1 0.901171875 0.598611111111 0.02890625 0.0555555555556
1 0.672265625 0.561111111111 0.02109375 0.0416666666667
1 0.586328125 0.530555555556 0.01171875 0.0305555555556
0 0.251953125 0.497222222222 0.01015625 0.0222222222222
0 0.341796875 0.504166666667 0.01171875 0.025
0 0.560546875 0.496527777778 0.01015625 0.0208333333333
1 0.434375 0.496527777778 0.009375 0.0208333333333
1 0.657421875 0.502083333333 0.01015625 0.0208333333333
1 0.76015625 0.496527777778 0.009375 0.0208333333333
0 0.125390625 0.494444444444 0.00859375 0.0194444444444
