1 0.930078125 0.713888888889 0.04765625 0.0916666666667
1 0.686328125 0.602083333333 0.01953125 0.0541666666667
1 0.76171875 0.533333333333 0.0109375 0.0305555555556
1 0.682421875 0.55625 0.01171875 0.0402777777778
1 0.441796875 0.523611111111 0.01171875 0.0333333333333
0 0.17578125 0.705555555556 0.053125 0.0861111111111
0 0.366796875 0.604166666667 0.02265625 0.0527777777778
0 0.616015625 0.524305555556 0.01015625 0.0291666666667
2 0.752734375 0.589583333333 0.03828125 0.151388888889
2 0.698828125 0.550694444444 0.02265625 0.115277777778
2 0.295703125 0.588888888889 0.04453125 0.152777777778
2 0.355859375 0.549305555556 0.02421875 0.115277777778
1 0.8953125 0.521527777778 0.0140625 0.0291666666667
1 0.110546875 0.509722222222 0.01015625 0.025
1 0.310546875 0.513194444444 0.01015625 0.0236111111111
0 0.7875 0.509027777778 0.009375 0.0236111111111
0 0.027734375 0.525 0.01328125 0.0277777777778
0 0.191015625 0.526388888889 0.01484375 0.0305555555556
2 0.4546875 0.510416666667 0.0109375 0.0236111111111
2 0.4625 0.5 0.0078125 0.0222222222222
2 0.580859375 0.498611111111 0.00859375 0.0222222222222
2 0.590234375 0.508333333333 0.01015625 0.025
