2 0.165625 0.8 0.1140625 0.383333333333
2 0.614453125 0.554861111111 0.01328125 0.0347222222222
2 0.635546875 0.533333333333 0.01171875 0.0305555555556
2 0.816796875 0.536805555556 0.01171875 0.0291666666667
2 0.839453125 0.561111111111 0.01484375 0.0388888888889
0 0.18984375 0.581944444444 0.0203125 0.0444444444444
0 0.303515625 0.633333333333 0.02734375 0.0638888888889
0 0.303125 0.759027777778 0.0484375 0.109722222222
0 0.905859375 0.605555555556 0.02734375 0.0555555555556
1 0.16484375 0.540277777778 0.0140625 0.0305555555556
1 0.39921875 0.554861111111 0.0171875 0.0347222222222
1 0.5796875 0.590972222222 0.0203125 0.0486111111111
0 0.009765625 0.563194444444 0.01796875 0.0375
