0 0.126953125 0.589583333333 0.02734375 0.0513888888889
0 0.724609375 0.643055555556 0.03828125 0.0694444444444
0 0.334375 0.554166666667 0.01875 0.0416666666667
2 0.146484375 0.828472222222 0.07734375 0.143055555556
2 0.913671875 0.833333333333 0.06171875 0.147222222222
2 0.602734375 0.514583333333 0.02265625 0.0791666666667
2 0.588671875 0.502777777778 0.01640625 0.0666666666667
2 0.3703125 0.513194444444 0.025 0.0791666666667
2 0.38828125 0.500694444444 0.015625 0.0680555555556
1 0.30390625 0.636805555556 0.0375 0.0680555555556
1 0.866015625 0.589583333333 0.02578125 0.0513888888889
1 0.656640625 0.554861111111 0.01953125 0.0402777777778
1 0.576953125 0.528472222222 0.01171875 0.0319444444444
0 0.399609375 0.527777777778 0.01328125 0.0305555555556
1 0.4296875 0.495138888889 0.0078125 0.0208333333333
1 0.647265625 0.501388888889 0.00859375 0.0222222222222
1 0.747265625 0.496527777778 0.00859375 0.0208333333333
0 0.553125 0.497916666667 0.009375 0.0208333333333
0 0.2515625 0.496527777778 0.0078125 0.0208333333333
0 0.340234375 0.503472222222 0.01015625 0.0236111111111
0 0.12734375 0.493055555556 0.0078125 0.0194444444444
