1 0.337890625 0.636805555556 0.03359375 0.0708333333333
1 0.733984375 0.851388888889 0.07578125 0.152777777778
1 0.035546875 0.585416666667 0.02578125 0.0486111111111
2 0.299609375 0.540972222222 0.01640625 0.0347222222222
2 0.319921875 0.566666666667 0.01953125 0.0416666666667
0 0.089453125 0.552083333333 0.01953125 0.0347222222222
0 0.2453125 0.521527777778 0.0109375 0.0263888888889
1 0.05234375 0.503472222222 0.00625 0.0180555555556
1 0.09140625 0.525 0.0109375 0.025
1 0.115625 0.506944444444 0.009375 0.0194444444444
1 0.128125 0.5125 0.0078125 0.0222222222222
0 0.23046875 0.499305555556 0.0078125 0.0180555555556
0 0.265625 0.506944444444 0.009375 0.0194444444444
0 0.01796875 0.496527777778 0.0078125 0.0152777777778
0 0.141015625 0.495833333333 0.00703125 0.0166666666667
