0 0.278515625 0.551388888889 0.01796875 0.0361111111111
1 0.433984375 0.598611111111 0.02109375 0.0527777777778
1 0.469140625 0.552777777778 0.01484375 0.0388888888889
1 0.54375 0.684027777778 0.040625 0.0847222222222
1 0.576953125 0.529861111111 0.01328125 0.0291666666667
1 0.008203125 0.570833333333 0.01484375 0.0444444444444
2 0.50546875 0.597916666667 0.0453125 0.168055555556
2 0.708984375 0.670138888889 0.06484375 0.243055555556
2 0.191796875 0.518055555556 0.01171875 0.025
2 0.2203125 0.533333333333 0.0125 0.0305555555556
0 0.74140625 0.50625 0.009375 0.0208333333333
0 0.926171875 0.50625 0.01015625 0.0208333333333
0 0.4515625 0.519444444444 0.0125 0.025
0 0.582421875 0.509722222222 0.01015625 0.0222222222222
1 0.67265625 0.519444444444 0.0109375 0.0277777777778
1 0.803515625 0.516666666667 0.01015625 0.025
1 0.96015625 0.516666666667 0.0109375 0.025
