0 0.482421875 0.574305555556 0.01796875 0.0430555555556
0 0.657421875 0.538888888889 0.01328125 0.0333333333333
1 0.129296875 0.568055555556 0.01796875 0.0388888888889
1 0.356640625 0.551388888889 0.01796875 0.0361111111111
1 0.406640625 0.636805555556 0.03203125 0.0680555555556
1 0.491796875 0.532638888889 0.01328125 0.0291666666667
0 0.54453125 0.496527777778 0.00625 0.0152777777778
0 0.633203125 0.503472222222 0.00859375 0.0208333333333
0 0.675 0.515972222222 0.0109375 0.0263888888889
0 0.437109375 0.49375 0.00546875 0.0125
0 0.075390625 0.5 0.00703125 0.0166666666667
1 0.383984375 0.499305555556 0.00703125 0.0152777777778
1 0.46328125 0.503472222222 0.0078125 0.0180555555556
1 0.51875 0.509027777778 0.0078125 0.0208333333333
1 0.530078125 0.517361111111 0.00859375 0.0236111111111
1 0.09765625 0.503472222222 0.0078125 0.0180555555556
