1 0.85390625 0.711805555556 0.0375 0.0930555555556
1 0.9140625 0.611805555556 0.025 0.0569444444444
1 0.1546875 0.5625 0.01875 0.0361111111111
1 0.35 0.588194444444 0.0203125 0.0458333333333
0 0.8828125 0.548611111111 0.0203125 0.0333333333333
0 0.643359375 0.586111111111 0.02109375 0.0444444444444
0 0.067578125 0.771527777778 0.04921875 0.115277777778
0 0.051171875 0.647916666667 0.03515625 0.0680555555556
2 0.590625 0.550694444444 0.0125 0.0347222222222
2 0.38515625 0.553472222222 0.0171875 0.0347222222222
2 0.405859375 0.532638888889 0.01171875 0.0291666666667
2 0.571875 0.529861111111 0.0109375 0.0291666666667
