2 0.324609375 0.572916666667 0.03828125 0.134722222222
2 0.36953125 0.539583333333 0.0203125 0.104166666667
2 0.71796875 0.570138888889 0.03125 0.131944444444
2 0.679296875 0.538194444444 0.02109375 0.106944444444
0 0.609765625 0.520833333333 0.01171875 0.0277777777778
0 0.23203125 0.6625 0.0375 0.075
0 0.38359375 0.585416666667 0.01875 0.0486111111111
1 0.85703125 0.668055555556 0.0390625 0.075
1 0.66640625 0.586111111111 0.015625 0.0472222222222
1 0.4453125 0.519444444444 0.009375 0.0277777777778
1 0.74296875 0.527083333333 0.0125 0.0319444444444
2 0.457421875 0.508333333333 0.01015625 0.0222222222222
2 0.586328125 0.507638888889 0.00859375 0.0236111111111
0 0.056640625 0.519444444444 0.01171875 0.025
0 0.210546875 0.521527777778 0.01328125 0.0291666666667
0 0.773046875 0.506944444444 0.00859375 0.0194444444444
1 0.130859375 0.506944444444 0.00859375 0.0222222222222
1 0.872265625 0.518055555556 0.01328125 0.0277777777778
1 0.989453125 0.515972222222 0.01171875 0.0236111111111
