2 0.75078125 0.563194444444 0.0421875 0.126388888889
2 0.89296875 0.545138888889 0.0390625 0.109722222222
0 0.25234375 0.618055555556 0.0328125 0.0583333333333
0 0.597265625 0.618055555556 0.02578125 0.0583333333333
0 0.855859375 0.590277777778 0.02734375 0.05
0 0.9375 0.565277777778 0.01875 0.0416666666667
0 0.10859375 0.520138888889 0.0125 0.0236111111111
0 0.2171875 0.510416666667 0.009375 0.0208333333333
0 0.323828125 0.502777777778 0.00859375 0.0194444444444
0 0.43203125 0.500694444444 0.0078125 0.0180555555556
0 0.53984375 0.499305555556 0.0078125 0.0180555555556
0 0.659375 0.502083333333 0.0078125 0.0180555555556
0 0.86796875 0.51875 0.0125 0.0263888888889
1 0.840234375 0.501388888889 0.00859375 0.0194444444444
1 0.149609375 0.504861111111 0.00859375 0.0180555555556
1 0.706640625 0.495138888889 0.00703125 0.0180555555556
1 0.2890625 0.497222222222 0.00625 0.0194444444444
1 0.423828125 0.49375 0.00546875 0.0152777777778
