0 0.10703125 0.824305555556 0.0703125 0.140277777778
0 0.196875 0.667361111111 0.0359375 0.0763888888889
0 0.61640625 0.559027777778 0.0171875 0.0375
2 0.15 0.667361111111 0.0703125 0.2375
2 0.81484375 0.65625 0.065625 0.229166666667
1 0.853125 0.801388888889 0.065625 0.133333333333
1 0.75703125 0.634722222222 0.028125 0.0694444444444
1 0.83671875 0.574305555556 0.015625 0.0486111111111
1 0.371484375 0.560416666667 0.01640625 0.0402777777778
2 0.396875 0.534722222222 0.0140625 0.0305555555556
2 0.412109375 0.518055555556 0.01015625 0.0277777777778
2 0.5609375 0.515972222222 0.009375 0.0236111111111
2 0.576171875 0.533333333333 0.01171875 0.0305555555556
1 0.197265625 0.543055555556 0.01640625 0.0333333333333
0 0.83203125 0.529861111111 0.0109375 0.0291666666667
