2 0.0328125 0.709722222222 0.0546875 0.0944444444444
2 0.16484375 0.604861111111 0.028125 0.0541666666667
2 0.976171875 0.526388888889 0.03515625 0.0972222222222
0 0.536328125 0.679166666667 0.03828125 0.0833333333333
0 0.841015625 0.559027777778 0.01796875 0.0430555555556
0 0.603125 0.551388888889 0.0171875 0.0388888888889
0 0.44296875 0.534722222222 0.015625 0.0305555555556
1 0.480859375 0.5875 0.02578125 0.0472222222222
1 0.252734375 0.550694444444 0.01640625 0.0347222222222
1 0.2296875 0.525694444444 0.0125 0.0263888888889
1 0.298828125 0.504861111111 0.00859375 0.0236111111111
1 0.3984375 0.49375 0.0078125 0.0180555555556
1 0.497265625 0.4875 0.00546875 0.0138888888889
1 0.843359375 0.48125 0.00703125 0.0152777777778
0 0.395703125 0.520138888889 0.00859375 0.0263888888889
0 0.415625 0.506944444444 0.0078125 0.0222222222222
0 0.476953125 0.498611111111 0.00703125 0.0194444444444
0 0.54921875 0.492361111111 0.00625 0.0152777777778
0 0.63203125 0.488194444444 0.0046875 0.0152777777778
0 0.724609375 0.486111111111 0.00546875 0.0138888888889
0 0.826171875 0.486805555556 0.00546875 0.0180555555556
0 0.948046875 0.489583333333 0.00703125 0.0180555555556
