2 0.18671875 0.651388888889 0.0390625 0.075
2 0.272265625 0.579861111111 0.02265625 0.0458333333333
0 0.5875 0.639583333333 0.0328125 0.0680555555556
0 0.879296875 0.552083333333 0.01640625 0.0402777777778
0 0.65625 0.542361111111 0.015625 0.0347222222222
1 0.541015625 0.570833333333 0.02109375 0.0444444444444
1 0.337890625 0.538194444444 0.01328125 0.0319444444444
0 0.462890625 0.513194444444 0.00859375 0.0236111111111
0 0.481640625 0.501388888889 0.00703125 0.0194444444444
0 0.507421875 0.527083333333 0.01328125 0.0291666666667
0 0.5390625 0.495138888889 0.00625 0.0180555555556
0 0.608984375 0.490277777778 0.00703125 0.0166666666667
0 0.690234375 0.486805555556 0.00703125 0.0152777777778
0 0.7828125 0.486111111111 0.00625 0.0166666666667
0 0.88515625 0.486805555556 0.00625 0.0152777777778
1 0.31328125 0.518055555556 0.009375 0.025
1 0.3734375 0.5 0.00625 0.0194444444444
1 0.904296875 0.480555555556 0.00703125 0.0138888888889
1 0.558984375 0.485416666667 0.00546875 0.0152777777778
