0 0.90703125 0.654166666667 0.0359375 0.075
1 0.93359375 0.540277777778 0.0140625 0.0333333333333
1 0.887109375 0.563888888889 0.02109375 0.0416666666667
1 0.809765625 0.840972222222 0.07578125 0.148611111111
1 0.695703125 0.586805555556 0.02421875 0.0486111111111
1 0.416796875 0.593055555556 0.02109375 0.05
1 0.156640625 0.578472222222 0.02265625 0.0458333333333
1 0.04921875 0.55625 0.0171875 0.0375
2 0.121484375 0.539583333333 0.03203125 0.0986111111111
2 0.249609375 0.552777777778 0.03515625 0.111111111111
1 0.90859375 0.524305555556 0.0125 0.0263888888889
1 0.825390625 0.511805555556 0.01015625 0.0208333333333
1 0.726171875 0.504166666667 0.00859375 0.0194444444444
1 0.143359375 0.517361111111 0.01171875 0.0236111111111
1 0.224609375 0.508333333333 0.00859375 0.0194444444444
1 0.32890625 0.503472222222 0.0078125 0.0180555555556
1 0.43515625 0.5 0.0078125 0.0166666666667
1 0.5390625 0.5 0.0078125 0.0166666666667
1 0.63046875 0.502083333333 0.0078125 0.0180555555556
0 0.9359375 0.506944444444 0.009375 0.0222222222222
0 0.788671875 0.499305555556 0.00703125 0.0180555555556
0 0.0140625 0.515277777778 0.009375 0.0222222222222
0 0.28203125 0.498611111111 0.0078125 0.0166666666667
0 0.546875 0.494444444444 0.00625 0.0138888888889
0 0.665625 0.497222222222 0.00625 0.0138888888889
