2 0.648046875 0.565277777778 0.01796875 0.0416666666667
2 0.6875 0.6125 0.025 0.0611111111111
1 0.77734375 0.80625 0.065625 0.134722222222
1 0.2953125 0.547222222222 0.015625 0.0333333333333
1 0.3484375 0.618055555556 0.0296875 0.0583333333333
1 0.425390625 0.529861111111 0.01328125 0.0291666666667
1 0.07265625 0.565277777778 0.0171875 0.0388888888889
0 0.416796875 0.566666666667 0.01953125 0.0416666666667
0 0.579296875 0.534027777778 0.01328125 0.0291666666667
0 0.476171875 0.496527777778 0.00703125 0.0152777777778
0 0.5609375 0.502777777778 0.0078125 0.0194444444444
0 0.5984375 0.514583333333 0.009375 0.0208333333333
0 0.3703125 0.493055555556 0.00625 0.0138888888889
0 0.144921875 0.496527777778 0.00546875 0.0125
1 0.397265625 0.502777777778 0.00703125 0.0138888888889
1 0.45078125 0.507638888889 0.0078125 0.0208333333333
1 0.462109375 0.515972222222 0.00859375 0.0208333333333
1 0.232421875 0.5 0.00703125 0.0166666666667
1 0.31796875 0.5 0.0078125 0.0166666666667
1 0.023828125 0.504861111111 0.00703125 0.0180555555556
1 0.140234375 0.500694444444 0.00703125 0.0152777777778
