2 0.27421875 0.693055555556 0.071875 0.269444444444
2 0.51171875 0.605555555556 0.040625 0.172222222222
2 0.782421875 0.531944444444 0.01328125 0.0305555555556
2 0.98515625 0.541666666667 0.015625 0.0333333333333
0 0.466796875 0.701388888889 0.04296875 0.0944444444444
0 0.561328125 0.617361111111 0.02265625 0.0625
0 0.544140625 0.565972222222 0.01796875 0.0430555555556
0 0.45546875 0.538888888889 0.015625 0.0333333333333
1 0.74453125 0.552083333333 0.0140625 0.0375
1 0.603125 0.526388888889 0.0125 0.0277777777778
2 0.8078125 0.515972222222 0.009375 0.0263888888889
0 0.196875 0.523611111111 0.0109375 0.025
0 0.32578125 0.525694444444 0.0109375 0.0263888888889
0 0.01484375 0.525694444444 0.0125 0.0263888888889
1 0.265625 0.511111111111 0.009375 0.0222222222222
1 0.42109375 0.513888888889 0.0109375 0.0222222222222
1 0.05 0.513888888889 0.009375 0.0222222222222
