2 0.429296875 0.6 0.02421875 0.0527777777778
2 0.474609375 0.556944444444 0.01640625 0.0388888888889
0 0.42421875 0.721527777778 0.0484375 0.0958333333333
0 0.72734375 0.602083333333 0.0265625 0.0513888888889
0 0.80234375 0.536805555556 0.015625 0.0319444444444
1 0.694140625 0.55625 0.01796875 0.0375
1 0.51953125 0.528472222222 0.0125 0.0291666666667
0 0.666015625 0.522916666667 0.01015625 0.0263888888889
0 0.626171875 0.511111111111 0.00703125 0.0222222222222
0 0.643359375 0.502083333333 0.00703125 0.0180555555556
0 0.6984375 0.496527777778 0.00625 0.0152777777778
0 0.768359375 0.492361111111 0.00859375 0.0152777777778
0 0.951953125 0.489583333333 0.00703125 0.0152777777778
0 0.85234375 0.490972222222 0.00625 0.0152777777778
1 0.4953125 0.5125 0.0078125 0.0222222222222
1 0.5453125 0.499305555556 0.00625 0.0180555555556
1 0.627734375 0.491666666667 0.00546875 0.0138888888889
