1 0.2765625 0.675694444444 0.0421875 0.0791666666667
1 0.925 0.609027777778 0.0265625 0.0569444444444
1 0.680859375 0.567361111111 0.01953125 0.0430555555556
1 0.5921875 0.535416666667 0.0125 0.0319444444444
0 0.77734375 0.681944444444 0.0390625 0.0888888888889
0 0.08828125 0.611805555556 0.03125 0.0597222222222
0 0.32734375 0.566666666667 0.0203125 0.0416666666667
0 0.40078125 0.535416666667 0.0125 0.0347222222222
2 0.368359375 0.522222222222 0.01796875 0.0861111111111
2 0.390234375 0.506944444444 0.01484375 0.0722222222222
2 0.620703125 0.520833333333 0.02109375 0.0833333333333
2 0.60234375 0.505555555556 0.015625 0.0722222222222
1 0.435546875 0.499305555556 0.00859375 0.0208333333333
1 0.6640625 0.504861111111 0.0109375 0.0236111111111
0 0.564453125 0.500694444444 0.00859375 0.0208333333333
0 0.340625 0.508333333333 0.0109375 0.0222222222222
0 0.24921875 0.501388888889 0.009375 0.0222222222222
0 0.120703125 0.499305555556 0.01015625 0.0208333333333
