0 0.9765625 0.561805555556 0.0265625 0.0430555555556
0 0.741796875 0.572222222222 0.01953125 0.0472222222222
0 0.390234375 0.764583333333 0.05859375 0.115277777778
0 0.484375 0.567361111111 0.0203125 0.0430555555556
1 0.05859375 0.576388888889 0.021875 0.0444444444444
1 0.33359375 0.620138888889 0.028125 0.0597222222222
2 0.878515625 0.535416666667 0.03359375 0.104166666667
0 0.24921875 0.53125 0.0125 0.0291666666667
0 0.276953125 0.514583333333 0.00859375 0.0236111111111
0 0.30078125 0.547916666667 0.0140625 0.0347222222222
0 0.34765625 0.504166666667 0.00625 0.0194444444444
0 0.42734375 0.496527777778 0.0078125 0.0180555555556
0 0.515234375 0.492361111111 0.00703125 0.0180555555556
0 0.608984375 0.490277777778 0.00703125 0.0166666666667
0 0.826171875 0.49375 0.00703125 0.0180555555556
0 0.925 0.497222222222 0.009375 0.0222222222222
1 0.044140625 0.540972222222 0.01328125 0.0347222222222
1 0.140234375 0.515277777778 0.01015625 0.025
1 0.26015625 0.500694444444 0.0078125 0.0180555555556
1 0.372265625 0.492361111111 0.00546875 0.0152777777778
1 0.483203125 0.4875 0.00703125 0.0166666666667
