0 0.126171875 0.588888888889 0.02734375 0.0527777777778
0 0.33359375 0.553472222222 0.0203125 0.0375
0 0.725 0.642361111111 0.0359375 0.0708333333333
0 0.4 0.527777777778 0.0109375 0.0305555555556
2 0.1421875 0.835416666667 0.0796875 0.143055555556
2 0.923046875 0.8375 0.06328125 0.147222222222
2 0.3703125 0.513888888889 0.0203125 0.0805555555556
2 0.389453125 0.5 0.01328125 0.0666666666667
2 0.604296875 0.514583333333 0.01796875 0.0791666666667
2 0.588671875 0.502083333333 0.01328125 0.0680555555556
1 0.302734375 0.639583333333 0.03671875 0.0680555555556
1 0.86953125 0.589583333333 0.0265625 0.0513888888889
1 0.6578125 0.555555555556 0.0203125 0.0388888888889
1 0.578125 0.527777777778 0.0109375 0.0305555555556
0 0.251953125 0.495833333333 0.00859375 0.0222222222222
0 0.340625 0.502777777778 0.0109375 0.0222222222222
0 0.553515625 0.497222222222 0.00859375 0.0194444444444
1 0.430078125 0.496527777778 0.00859375 0.0208333333333
1 0.64765625 0.501388888889 0.009375 0.0222222222222
0 0.127734375 0.493055555556 0.00703125 0.0166666666667
