2 0.317578125 0.697222222222 0.07265625 0.266666666667
2 0.662890625 0.548611111111 0.01484375 0.0333333333333
2 0.8765625 0.556944444444 0.0140625 0.0388888888889
0 0.928125 0.593055555556 0.025 0.0472222222222
0 0.21328125 0.913194444444 0.084375 0.173611111111
0 0.401953125 0.695138888889 0.03515625 0.0847222222222
0 0.387109375 0.606944444444 0.02265625 0.0527777777778
0 0.28359375 0.566666666667 0.01875 0.0388888888889
1 0.626953125 0.577777777778 0.01796875 0.0472222222222
1 0.4640625 0.547222222222 0.015625 0.0333333333333
2 0.684375 0.529861111111 0.0109375 0.0236111111111
2 0.859375 0.534027777778 0.0109375 0.0291666666667
1 0.0578125 0.53125 0.0109375 0.0263888888889
1 0.251953125 0.531944444444 0.01328125 0.0277777777778
0 0.1234375 0.551388888889 0.0171875 0.0333333333333
