1 0.73203125 0.597916666667 0.0265625 0.0513888888889
1 0.61640625 0.554166666667 0.0109375 0.0388888888889
1 0.180078125 0.796527777778 0.06484375 0.126388888889
0 0.302734375 0.597222222222 0.02578125 0.05
0 0.39765625 0.554166666667 0.0125 0.0388888888889
0 0.9296875 0.80625 0.0546875 0.1375
2 0.65234375 0.538888888889 0.0203125 0.1
2 0.63046875 0.522916666667 0.015625 0.0819444444444
2 0.358203125 0.540277777778 0.01953125 0.0972222222222
2 0.386328125 0.520138888889 0.01484375 0.0819444444444
1 0.441015625 0.510416666667 0.01015625 0.0236111111111
1 0.69296875 0.515277777778 0.0109375 0.025
0 0.582421875 0.510416666667 0.01015625 0.0236111111111
0 0.237890625 0.511805555556 0.01171875 0.0236111111111
0 0.336328125 0.520138888889 0.01171875 0.0263888888889
0 0.10078125 0.508333333333 0.0109375 0.0222222222222
2 0.45 0.500694444444 0.0078125 0.0208333333333
2 0.563671875 0.501388888889 0.00703125 0.0194444444444
