2 0.123046875 0.799305555556 0.11953125 0.376388888889
2 0.442578125 0.642361111111 0.05234375 0.209722222222
0 0.39296875 0.777777777778 0.0546875 0.122222222222
0 0.49765625 0.647916666667 0.0265625 0.0708333333333
0 0.46953125 0.583333333333 0.0203125 0.0472222222222
0 0.96328125 0.577777777778 0.01875 0.0444444444444
1 0.68046875 0.563194444444 0.0171875 0.0402777777778
2 0.71328125 0.536805555556 0.0125 0.0319444444444
2 0.733984375 0.522222222222 0.01015625 0.025
2 0.90390625 0.525 0.0109375 0.025
2 0.91796875 0.545833333333 0.0125 0.0333333333333
0 0.0703125 0.534027777778 0.0109375 0.0291666666667
0 0.2203125 0.535416666667 0.0109375 0.0319444444444
0 0.368359375 0.549305555556 0.01328125 0.0375
1 0.152734375 0.519444444444 0.01015625 0.0222222222222
1 0.32890625 0.520833333333 0.0109375 0.0222222222222
1 0.52734375 0.534722222222 0.009375 0.0305555555556
