1 0.838671875 0.786111111111 0.06171875 0.127777777778
1 0.750390625 0.628472222222 0.02734375 0.0652777777778
1 0.8296875 0.572222222222 0.0171875 0.0444444444444
1 0.375 0.558333333333 0.01875 0.0416666666667
1 0.990625 0.550694444444 0.0171875 0.0375
2 0.813671875 0.647916666667 0.07734375 0.220833333333
2 0.167578125 0.654166666667 0.06640625 0.222222222222
0 0.128125 0.805555555556 0.0703125 0.127777777778
0 0.206640625 0.658333333333 0.03359375 0.075
0 0.01015625 0.566666666667 0.01875 0.0416666666667
0 0.616796875 0.554861111111 0.01640625 0.0375
0 0.8296875 0.527083333333 0.0140625 0.0291666666667
1 0.20234375 0.538888888889 0.01875 0.0333333333333
2 0.398828125 0.532638888889 0.01328125 0.0291666666667
2 0.413671875 0.516666666667 0.01015625 0.025
2 0.5609375 0.514583333333 0.009375 0.0263888888889
2 0.576171875 0.53125 0.01171875 0.0291666666667
