1 0.3375 0.552777777778 0.015625 0.0361111111111
1 0.515625 0.584027777778 0.0203125 0.0458333333333
0 0.8171875 0.594444444444 0.0203125 0.05
0 0.2609375 0.740277777778 0.040625 0.105555555556
0 0.24921875 0.626388888889 0.028125 0.0611111111111
0 0.126171875 0.580555555556 0.01953125 0.0472222222222
2 0.548828125 0.55 0.01484375 0.0333333333333
2 0.758984375 0.554861111111 0.01484375 0.0347222222222
2 0.7390625 0.532638888889 0.0109375 0.0291666666667
2 0.56875 0.529861111111 0.0109375 0.0263888888889
2 0.14375 0.768055555556 0.0953125 0.341666666667
1 0.09296875 0.538888888889 0.0140625 0.0305555555556
