0 0.258984375 0.550694444444 0.01796875 0.0347222222222
0 0.401953125 0.520138888889 0.01171875 0.0263888888889
2 0.457421875 0.541666666667 0.01484375 0.0333333333333
2 0.481640625 0.571527777778 0.01796875 0.0458333333333
1 0.137890625 0.538194444444 0.01484375 0.0319444444444
1 0.210546875 0.583333333333 0.02265625 0.05
1 0.513671875 0.655555555556 0.03359375 0.075
1 0.045703125 0.498611111111 0.00703125 0.0166666666667
1 0.14140625 0.497222222222 0.00625 0.0166666666667
1 0.2921875 0.509027777778 0.0078125 0.0208333333333
1 0.28046875 0.502777777778 0.0078125 0.0194444444444
1 0.224609375 0.498611111111 0.00703125 0.0166666666667
1 0.260546875 0.51875 0.00859375 0.0236111111111
0 0.07890625 0.494444444444 0.00625 0.0138888888889
0 0.419140625 0.50625 0.00859375 0.0180555555556
0 0.3859375 0.497916666667 0.0078125 0.0152777777778
