2 0.7578125 0.59375 0.0421875 0.159722222222
2 0.70234375 0.551388888889 0.0265625 0.116666666667
2 0.287109375 0.593055555556 0.04609375 0.158333333333
2 0.34921875 0.553472222222 0.025 0.1125
1 0.9484375 0.726388888889 0.0484375 0.1
1 0.691015625 0.607638888889 0.02421875 0.0569444444444
1 0.898828125 0.522222222222 0.01328125 0.0305555555556
1 0.683984375 0.557638888889 0.01171875 0.0402777777778
0 0.1578125 0.722222222222 0.053125 0.102777777778
0 0.362109375 0.607638888889 0.02265625 0.0569444444444
0 0.61640625 0.525694444444 0.0109375 0.0291666666667
1 0.440234375 0.525 0.01328125 0.0305555555556
2 0.451953125 0.510416666667 0.01015625 0.0236111111111
2 0.461328125 0.500694444444 0.01015625 0.0208333333333
2 0.58046875 0.499305555556 0.009375 0.0180555555556
2 0.590234375 0.510416666667 0.01015625 0.0263888888889
0 0.019140625 0.525694444444 0.01328125 0.0263888888889
0 0.184375 0.528472222222 0.015625 0.0291666666667
0 0.301171875 0.541666666667 0.01015625 0.0333333333333
0 0.789453125 0.509027777778 0.01015625 0.0236111111111
1 0.1046875 0.511111111111 0.0109375 0.0222222222222
