2 0.121875 0.54375 0.0296875 0.101388888889
0 0.65546875 0.600694444444 0.025 0.0569444444444
0 0.871484375 0.558333333333 0.01953125 0.0388888888889
0 0.890234375 0.529166666667 0.01328125 0.0305555555556
1 0.669921875 0.544444444444 0.01640625 0.0333333333333
1 0.515625 0.563194444444 0.01875 0.0402777777778
1 0.5546875 0.690277777778 0.040625 0.0888888888889
1 0.2796875 0.575694444444 0.01875 0.0430555555556
1 0.028125 0.572222222222 0.0234375 0.0416666666667
0 0.7296875 0.502083333333 0.0078125 0.0180555555556
0 0.83515625 0.5125 0.0109375 0.025
0 0.612109375 0.496527777778 0.00703125 0.0152777777778
1 0.6390625 0.506944444444 0.009375 0.0194444444444
1 0.7 0.515972222222 0.009375 0.0236111111111
1 0.7140625 0.527083333333 0.0109375 0.0263888888889
1 0.066796875 0.513194444444 0.01015625 0.0208333333333
1 0.17578125 0.506944444444 0.0078125 0.0166666666667
1 0.283984375 0.502777777778 0.00703125 0.0138888888889
1 0.47109375 0.500694444444 0.0078125 0.0152777777778
1 0.55625 0.501388888889 0.0078125 0.0166666666667
