2 0.81796875 0.544444444444 0.034375 0.108333333333
2 0.9578125 0.531944444444 0.0296875 0.1
0 0.246875 0.875694444444 0.0734375 0.156944444444
0 0.398046875 0.583333333333 0.02265625 0.0472222222222
0 0.67890625 0.586805555556 0.0203125 0.0486111111111
0 0.916796875 0.569444444444 0.02109375 0.0444444444444
1 0.21171875 0.654166666667 0.034375 0.0722222222222
0 0.1359375 0.543055555556 0.015625 0.0333333333333
0 0.17265625 0.523611111111 0.0109375 0.025
0 0.191015625 0.563194444444 0.02109375 0.0375
0 0.2546875 0.511111111111 0.009375 0.0222222222222
0 0.342578125 0.502083333333 0.00859375 0.0180555555556
0 0.436328125 0.496527777778 0.00703125 0.0152777777778
0 0.534375 0.494444444444 0.0078125 0.0166666666667
0 0.635546875 0.495138888889 0.00703125 0.0152777777778
0 0.751171875 0.497916666667 0.00859375 0.0180555555556
0 0.848046875 0.502083333333 0.00859375 0.0208333333333
1 0.016015625 0.525 0.01171875 0.0277777777778
1 0.158203125 0.507638888889 0.00859375 0.0208333333333
1 0.933984375 0.497916666667 0.01015625 0.0208333333333
1 0.799609375 0.490972222222 0.00703125 0.0152777777778
