0 0.227734375 0.550694444444 0.01796875 0.0347222222222
2 0.445703125 0.584027777778 0.03984375 0.151388888889
2 0.624609375 0.638194444444 0.05390625 0.215277777778
1 0.414453125 0.548611111111 0.01328125 0.0361111111111
1 0.381640625 0.590277777778 0.01796875 0.05
1 0.4828125 0.658333333333 0.0328125 0.075
1 0.984375 0.789583333333 0.03125 0.123611111111
2 0.13515625 0.519444444444 0.0109375 0.025
2 0.16640625 0.532638888889 0.0109375 0.0291666666667
0 0.39609375 0.517361111111 0.0109375 0.0236111111111
0 0.524609375 0.508333333333 0.00859375 0.0222222222222
0 0.67578125 0.503472222222 0.009375 0.0208333333333
0 0.846484375 0.502083333333 0.01015625 0.0208333333333
1 0.518359375 0.526388888889 0.01328125 0.0277777777778
1 0.609765625 0.516666666667 0.01171875 0.025
1 0.7328125 0.511805555556 0.0109375 0.0236111111111
1 0.874609375 0.5125 0.01171875 0.0222222222222
