0 0.1953125 0.520138888889 0.0140625 0.0263888888889
0 0.040234375 0.55 0.01796875 0.0361111111111
1 0.29609375 0.626388888889 0.03125 0.0638888888889
1 0.641796875 0.782638888889 0.06328125 0.126388888889
2 0.251171875 0.538194444444 0.01484375 0.0347222222222
2 0.273046875 0.5625 0.01953125 0.0416666666667
1 0.036328125 0.523611111111 0.01171875 0.025
1 0.058984375 0.505555555556 0.00859375 0.0194444444444
1 0.073828125 0.5125 0.00859375 0.0222222222222
0 0.17734375 0.498611111111 0.0078125 0.0166666666667
0 0.214453125 0.50625 0.01015625 0.0208333333333
0 0.084375 0.495833333333 0.00625 0.0166666666667
