0 0.359765625 0.560416666667 0.01796875 0.0375
0 0.541796875 0.525 0.01328125 0.0277777777778
1 0.662890625 0.742361111111 0.05234375 0.106944444444
1 0.524609375 0.620138888889 0.02265625 0.0652777777778
1 0.5625 0.563194444444 0.0171875 0.0430555555556
1 0.08359375 0.578472222222 0.01875 0.0458333333333
2 0.6078125 0.628472222222 0.0546875 0.195833333333
2 0.89453125 0.748611111111 0.096875 0.341666666667
2 0.278125 0.521527777778 0.009375 0.0263888888889
2 0.303515625 0.5375 0.01171875 0.0305555555556
2 0.096484375 0.548611111111 0.01328125 0.0333333333333
2 0.105078125 0.529166666667 0.01015625 0.0277777777778
0 0.68125 0.514583333333 0.0109375 0.0236111111111
0 0.856640625 0.511111111111 0.01015625 0.0222222222222
1 0.677734375 0.5375 0.01484375 0.0305555555556
1 0.78359375 0.527083333333 0.0125 0.0291666666667
1 0.933203125 0.522916666667 0.01171875 0.0263888888889
