2 0.913671875 0.743055555556 0.09765625 0.336111111111
2 0.245703125 0.555555555556 0.01484375 0.0361111111111
2 0.26171875 0.534027777778 0.0109375 0.0263888888889
2 0.434375 0.527777777778 0.009375 0.0277777777778
2 0.459375 0.547916666667 0.0125 0.0347222222222
1 0.740234375 0.686805555556 0.03203125 0.0847222222222
1 0.76796875 0.593055555556 0.021875 0.0527777777778
1 0.908203125 0.558333333333 0.01953125 0.0388888888889
1 0.217578125 0.594444444444 0.02265625 0.05
0 0.519140625 0.579861111111 0.02109375 0.0458333333333
0 0.72734375 0.5375 0.0140625 0.0305555555556
0 0.896484375 0.527777777778 0.01328125 0.0277777777778
