1 0.14453125 0.565277777778 0.01875 0.0388888888889
1 0.40078125 0.6375 0.0328125 0.0666666666667
1 0.36953125 0.551388888889 0.0171875 0.0361111111111
1 0.507421875 0.533333333333 0.01328125 0.0305555555556
0 0.4890625 0.576388888889 0.021875 0.0416666666667
0 0.671875 0.540972222222 0.015625 0.0319444444444
2 0.747265625 0.579166666667 0.02265625 0.0472222222222
2 0.79140625 0.64375 0.03125 0.0708333333333
0 0.655078125 0.505555555556 0.00859375 0.0222222222222
0 0.69453125 0.51875 0.0109375 0.0236111111111
0 0.567578125 0.497222222222 0.00703125 0.0166666666667
0 0.4609375 0.494444444444 0.00625 0.0138888888889
0 0.10859375 0.497916666667 0.00625 0.0152777777778
0 0.244140625 0.495833333333 0.00546875 0.0138888888889
1 0.01015625 0.507638888889 0.0078125 0.0180555555556
1 0.128515625 0.502777777778 0.00703125 0.0166666666667
1 0.5390625 0.509722222222 0.0078125 0.0222222222222
1 0.5484375 0.51875 0.0078125 0.0236111111111
1 0.484765625 0.503472222222 0.00703125 0.0180555555556
1 0.32421875 0.499305555556 0.00625 0.0152777777778
1 0.40859375 0.5 0.00625 0.0166666666667
