2 0.355859375 0.540972222222 0.02265625 0.101388888889
2 0.38515625 0.522222222222 0.0140625 0.0833333333333
2 0.65703125 0.538888888889 0.021875 0.1
2 0.6328125 0.520833333333 0.015625 0.0833333333333
0 0.301171875 0.598611111111 0.02578125 0.05
0 0.398046875 0.555555555556 0.01171875 0.0388888888889
0 0.953125 0.825694444444 0.0640625 0.145833333333
1 0.73828125 0.600694444444 0.0234375 0.0541666666667
1 0.61953125 0.554861111111 0.0109375 0.0375
1 0.16640625 0.811111111111 0.0671875 0.130555555556
0 0.237109375 0.511805555556 0.01015625 0.0236111111111
0 0.335546875 0.520833333333 0.01328125 0.025
0 0.583984375 0.510416666667 0.00859375 0.0236111111111
1 0.44140625 0.510416666667 0.0109375 0.0236111111111
1 0.69609375 0.515972222222 0.009375 0.0236111111111
0 0.09765625 0.508333333333 0.009375 0.0222222222222
2 0.450390625 0.500694444444 0.00703125 0.0208333333333
2 0.56484375 0.500694444444 0.00625 0.0180555555556
