2 0.931640625 0.532638888889 0.02890625 0.101388888889
2 0.7921875 0.546527777778 0.03125 0.115277777778
1 0.137109375 0.677083333333 0.04453125 0.0819444444444
0 0.351953125 0.590972222222 0.02578125 0.0541666666667
0 0.649609375 0.593055555556 0.02265625 0.0527777777778
0 0.892578125 0.572916666667 0.02578125 0.0458333333333
0 0.97734375 0.552777777778 0.0171875 0.0388888888889
0 0.98828125 0.530555555556 0.0125 0.0333333333333
1 0.766015625 0.489583333333 0.00703125 0.0180555555556
1 0.898828125 0.495138888889 0.01015625 0.0208333333333
1 0.105078125 0.507638888889 0.00859375 0.0208333333333
1 0.239453125 0.497916666667 0.00703125 0.0152777777778
1 0.490625 0.4875 0.00625 0.0166666666667
1 0.616796875 0.486111111111 0.00546875 0.0166666666667
0 0.07421875 0.547222222222 0.015625 0.0333333333333
0 0.118359375 0.525694444444 0.01328125 0.0263888888889
0 0.13125 0.570138888889 0.0203125 0.0430555555556
0 0.206640625 0.511805555556 0.00859375 0.0236111111111
0 0.30078125 0.502777777778 0.0078125 0.0222222222222
0 0.39765625 0.497222222222 0.0078125 0.0166666666667
0 0.498828125 0.49375 0.00703125 0.0180555555556
0 0.601953125 0.493055555556 0.00703125 0.0194444444444
0 0.718359375 0.495833333333 0.00703125 0.0166666666667
0 0.81484375 0.5 0.009375 0.0194444444444
0 0.92109375 0.511805555556 0.009375 0.0263888888889
