1 0.251953125 0.574305555556 0.01953125 0.0430555555556
1 0.51953125 0.677777777778 0.0390625 0.0805555555556
1 0.483984375 0.560416666667 0.01796875 0.0375
1 0.6328125 0.541666666667 0.0140625 0.0305555555556
0 0.6171875 0.595138888889 0.025 0.0486111111111
0 0.824609375 0.554166666667 0.01796875 0.0388888888889
0 0.844140625 0.526388888889 0.01171875 0.0277777777778
2 0.934765625 0.606944444444 0.03046875 0.0583333333333
2 0.094140625 0.547222222222 0.02890625 0.1
1 0.524609375 0.503472222222 0.00703125 0.0152777777778
1 0.605859375 0.50625 0.00859375 0.0180555555556
1 0.664453125 0.515277777778 0.00859375 0.0222222222222
1 0.6765625 0.525694444444 0.0109375 0.0263888888889
1 0.0328125 0.518055555556 0.0109375 0.0194444444444
1 0.14296875 0.508333333333 0.0078125 0.0194444444444
1 0.252734375 0.504861111111 0.00703125 0.0152777777778
1 0.355078125 0.502777777778 0.00703125 0.0138888888889
1 0.440625 0.502083333333 0.0078125 0.0152777777778
0 0.794140625 0.511805555556 0.01015625 0.0208333333333
0 0.693359375 0.502083333333 0.00703125 0.0180555555556
0 0.579296875 0.497916666667 0.00546875 0.0152777777778
0 0.23515625 0.500694444444 0.00625 0.0152777777778
