1 0.68203125 0.754861111111 0.0546875 0.115277777778
1 0.530859375 0.622916666667 0.02421875 0.0680555555556
1 0.5671875 0.563194444444 0.01875 0.0430555555556
1 0.07890625 0.579861111111 0.0234375 0.0458333333333
0 0.3609375 0.560416666667 0.01875 0.0402777777778
0 0.544921875 0.524305555556 0.01171875 0.0263888888889
2 0.93515625 0.765277777778 0.1 0.352777777778
2 0.62109375 0.632638888889 0.05625 0.204166666667
2 0.277734375 0.520833333333 0.01015625 0.025
2 0.303515625 0.538194444444 0.01171875 0.0319444444444
2 0.093359375 0.55 0.01640625 0.0333333333333
2 0.101953125 0.529861111111 0.01328125 0.0291666666667
1 0.68359375 0.538194444444 0.015625 0.0319444444444
1 0.78984375 0.527777777778 0.0140625 0.0277777777778
1 0.94140625 0.522916666667 0.0140625 0.0291666666667
0 0.8625 0.509722222222 0.0109375 0.0222222222222
