1 0.809375 0.752083333333 0.05625 0.1125
1 0.73984375 0.61875 0.028125 0.0625
1 0.81796875 0.566666666667 0.01875 0.0444444444444
1 0.97890625 0.545833333333 0.01875 0.0361111111111
1 0.38125 0.551388888889 0.015625 0.0388888888889
2 0.79375 0.629166666667 0.065625 0.202777777778
2 0.190625 0.636111111111 0.06875 0.205555555556
0 0.1703125 0.767361111111 0.059375 0.1125
0 0.228515625 0.64375 0.03046875 0.0680555555556
0 0.16796875 0.588194444444 0.021875 0.0541666666667
0 0.028125 0.561805555556 0.021875 0.0430555555556
0 0.615234375 0.551388888889 0.01640625 0.0361111111111
0 0.82265625 0.525694444444 0.0109375 0.0291666666667
1 0.2140625 0.536111111111 0.0140625 0.0305555555556
2 0.404296875 0.529861111111 0.01328125 0.0291666666667
2 0.41796875 0.514583333333 0.009375 0.0236111111111
2 0.562109375 0.513194444444 0.00859375 0.0236111111111
2 0.5765625 0.529166666667 0.009375 0.0277777777778
