2 0.576953125 0.567361111111 0.01796875 0.0402777777778
2 0.59765625 0.541666666667 0.0125 0.0305555555556
2 0.78984375 0.54375 0.0125 0.0319444444444
2 0.821484375 0.573611111111 0.01796875 0.0416666666667
0 0.080078125 0.610416666667 0.02890625 0.0541666666667
0 0.19921875 0.680555555556 0.0375 0.0805555555556
0 0.14609375 0.902083333333 0.0765625 0.170833333333
0 0.908984375 0.628472222222 0.03203125 0.0597222222222
1 0.3359375 0.570138888889 0.01875 0.0430555555556
1 0.537890625 0.614583333333 0.02265625 0.0569444444444
1 0.071875 0.553472222222 0.01875 0.0347222222222
