2 0.03359375 0.540972222222 0.0296875 0.0958333333333
2 0.1640625 0.547916666667 0.0296875 0.104166666667
0 0.723828125 0.615972222222 0.03046875 0.0569444444444
0 0.957421875 0.56875 0.02265625 0.0430555555556
1 0.070703125 0.575694444444 0.02421875 0.0430555555556
1 0.323046875 0.58125 0.01953125 0.0458333333333
1 0.619921875 0.725 0.04765625 0.1
1 0.569921875 0.56875 0.01953125 0.0430555555556
1 0.731640625 0.551388888889 0.01640625 0.0333333333333
0 0.790625 0.504166666667 0.0078125 0.0166666666667
0 0.90703125 0.518055555556 0.0109375 0.025
0 0.971875 0.536805555556 0.015625 0.0319444444444
0 0.5546875 0.497916666667 0.00625 0.0152777777778
0 0.666015625 0.499305555556 0.00703125 0.0152777777778
0 0.316796875 0.499305555556 0.00703125 0.0125
0 0.176953125 0.502777777778 0.00703125 0.0166666666667
1 0.76171875 0.520138888889 0.0109375 0.0236111111111
1 0.77734375 0.531944444444 0.0125 0.0277777777778
1 0.69453125 0.510416666667 0.009375 0.0208333333333
1 0.608984375 0.504166666667 0.00703125 0.0166666666667
1 0.119921875 0.513194444444 0.01015625 0.0208333333333
1 0.2265625 0.506944444444 0.0078125 0.0194444444444
1 0.52109375 0.502777777778 0.0078125 0.0166666666667
1 0.434375 0.502083333333 0.00625 0.0152777777778
