2 0.29375 0.621527777778 0.03125 0.0625
2 0.356640625 0.565277777778 0.01953125 0.0444444444444
0 0.251171875 0.825694444444 0.07421875 0.1375
0 0.6421875 0.615277777778 0.028125 0.0611111111111
0 0.711328125 0.534722222222 0.01640625 0.0361111111111
0 0.929296875 0.544444444444 0.01640625 0.0388888888889
1 0.601171875 0.558333333333 0.01953125 0.0416666666667
1 0.412109375 0.529166666667 0.01328125 0.0305555555556
0 0.526953125 0.507638888889 0.00859375 0.0236111111111
0 0.54453125 0.496527777778 0.00625 0.0208333333333
0 0.56875 0.519444444444 0.009375 0.0277777777778
0 0.6 0.489583333333 0.00625 0.0180555555556
0 0.66875 0.485416666667 0.00625 0.0152777777778
0 0.949609375 0.481944444444 0.00703125 0.0166666666667
0 0.844140625 0.48125 0.00546875 0.0152777777778
0 0.75 0.481944444444 0.00625 0.0166666666667
1 0.387109375 0.510416666667 0.01015625 0.0236111111111
1 0.441015625 0.495833333333 0.00703125 0.0166666666667
1 0.528125 0.486111111111 0.00625 0.0138888888889
1 0.61953125 0.481944444444 0.00625 0.0138888888889
