2 0.19375 0.7625 0.109375 0.347222222222
2 0.478515625 0.629166666667 0.04921875 0.2
0 0.431640625 0.751388888889 0.04921875 0.111111111111
0 0.528125 0.638194444444 0.028125 0.0680555555556
0 0.500390625 0.577777777778 0.01953125 0.05
0 0.4015625 0.547916666667 0.0171875 0.0347222222222
0 0.9875 0.574305555556 0.021875 0.0430555555556
1 0.556640625 0.533333333333 0.01171875 0.0305555555556
1 0.707421875 0.559027777778 0.01484375 0.0402777777778
1 0.19296875 0.518055555556 0.009375 0.0222222222222
1 0.362109375 0.519444444444 0.01171875 0.025
0 0.11640625 0.531944444444 0.0125 0.0277777777778
0 0.259375 0.534027777778 0.0125 0.0291666666667
2 0.740625 0.534722222222 0.0140625 0.0305555555556
2 0.761328125 0.519444444444 0.01015625 0.025
2 0.933203125 0.524305555556 0.01015625 0.0291666666667
2 0.945703125 0.544444444444 0.01328125 0.0333333333333
