0 0.166796875 0.520833333333 0.01171875 0.025
0 0.0125 0.550694444444 0.0171875 0.0347222222222
2 0.223828125 0.539583333333 0.01640625 0.0319444444444
2 0.248046875 0.559722222222 0.01953125 0.0416666666667
1 0.272265625 0.621527777778 0.03046875 0.0625
1 0.5984375 0.755555555556 0.05625 0.116666666667
0 0.0515625 0.497222222222 0.0078125 0.0166666666667
0 0.147265625 0.5 0.00859375 0.0166666666667
0 0.1859375 0.507638888889 0.009375 0.0180555555556
1 0.00625 0.525 0.009375 0.025
1 0.026171875 0.507638888889 0.00859375 0.0180555555556
1 0.041796875 0.513888888889 0.01015625 0.0222222222222
