0 0.916015625 0.666666666667 0.04453125 0.0805555555556
1 0.39609375 0.600694444444 0.021875 0.0513888888889
1 0.687109375 0.590972222222 0.02421875 0.0513888888889
1 0.8453125 0.891666666667 0.084375 0.166666666667
1 0.878125 0.567361111111 0.01875 0.0402777777778
1 0.118359375 0.586805555556 0.02421875 0.0458333333333
1 0.0078125 0.5625 0.0140625 0.0416666666667
2 0.080078125 0.541666666667 0.03203125 0.105555555556
2 0.218359375 0.556944444444 0.03671875 0.119444444444
0 0.91875 0.50625 0.009375 0.0208333333333
0 0.7703125 0.497916666667 0.0078125 0.0180555555556
0 0.526953125 0.49375 0.00546875 0.0125
0 0.646484375 0.495138888889 0.00546875 0.0152777777778
1 0.808984375 0.511805555556 0.00859375 0.0208333333333
1 0.89453125 0.525694444444 0.0140625 0.0263888888889
1 0.922265625 0.540972222222 0.01484375 0.0347222222222
1 0.708203125 0.504166666667 0.00859375 0.0194444444444
1 0.61171875 0.501388888889 0.0078125 0.0166666666667
1 0.109765625 0.519444444444 0.01171875 0.025
1 0.19609375 0.510416666667 0.009375 0.0236111111111
1 0.304296875 0.503472222222 0.00859375 0.0180555555556
1 0.016015625 0.538194444444 0.01328125 0.0319444444444
