1 0.26171875 0.696527777778 0.04375 0.0902777777778
1 0.951953125 0.620138888889 0.02890625 0.0597222222222
1 0.690625 0.573611111111 0.01875 0.0444444444444
1 0.59765625 0.538888888889 0.0125 0.0333333333333
0 0.06875 0.620833333333 0.0265625 0.0611111111111
0 0.8015625 0.702777777778 0.040625 0.0944444444444
0 0.323046875 0.572222222222 0.01953125 0.0444444444444
0 0.40078125 0.539583333333 0.0140625 0.0347222222222
2 0.626953125 0.526388888889 0.02265625 0.0861111111111
2 0.608203125 0.510416666667 0.01640625 0.0736111111111
2 0.36640625 0.525694444444 0.0203125 0.0875
2 0.38828125 0.508333333333 0.015625 0.0722222222222
1 0.669921875 0.507638888889 0.01015625 0.0236111111111
1 0.437109375 0.501388888889 0.01015625 0.0222222222222
0 0.247265625 0.502083333333 0.00859375 0.0236111111111
0 0.340234375 0.510416666667 0.01171875 0.0236111111111
0 0.568359375 0.502777777778 0.00859375 0.0222222222222
0 0.116015625 0.501388888889 0.01015625 0.0222222222222
