0 0.43984375 0.570833333333 0.0203125 0.0416666666667
0 0.60703125 0.536111111111 0.0140625 0.0305555555556
1 0.838671875 0.847222222222 0.07734375 0.15
1 0.31796875 0.551388888889 0.0140625 0.0361111111111
1 0.36953125 0.625694444444 0.0296875 0.0625
1 0.4484375 0.530555555556 0.0125 0.0277777777778
1 0.09296875 0.567361111111 0.0171875 0.0375
2 0.679296875 0.569444444444 0.01953125 0.0444444444444
2 0.723046875 0.621527777778 0.02890625 0.0652777777778
1 0.3421875 0.501388888889 0.00625 0.0166666666667
1 0.4203125 0.502777777778 0.0078125 0.0194444444444
1 0.475390625 0.509027777778 0.00703125 0.0208333333333
1 0.4859375 0.517361111111 0.009375 0.0236111111111
1 0.050390625 0.50625 0.00859375 0.0180555555556
1 0.164453125 0.502083333333 0.00703125 0.0152777777778
1 0.25703125 0.501388888889 0.0078125 0.0166666666667
0 0.500390625 0.497222222222 0.00703125 0.0166666666667
0 0.586328125 0.504861111111 0.00859375 0.0180555555556
0 0.626171875 0.515972222222 0.01015625 0.0236111111111
0 0.026953125 0.502083333333 0.00703125 0.0180555555556
