2 0.101171875 0.544444444444 0.03203125 0.108333333333
2 0.235546875 0.557638888889 0.03359375 0.120833333333
0 0.962890625 0.677083333333 0.04296875 0.0819444444444
1 0.914453125 0.56875 0.02109375 0.0430555555556
1 0.958203125 0.542361111111 0.01640625 0.0347222222222
1 0.716796875 0.593055555556 0.02265625 0.0527777777778
1 0.41640625 0.602777777778 0.021875 0.0527777777778
1 0.13671875 0.586111111111 0.025 0.0472222222222
1 0.027734375 0.561805555556 0.01796875 0.0402777777778
1 0.7328125 0.503472222222 0.009375 0.0180555555556
1 0.837890625 0.511111111111 0.01171875 0.0222222222222
1 0.926953125 0.525 0.01484375 0.0277777777778
1 0.038671875 0.536111111111 0.01484375 0.0333333333333
1 0.131640625 0.518055555556 0.01171875 0.0222222222222
1 0.2171875 0.508333333333 0.0109375 0.0222222222222
1 0.634765625 0.5 0.00859375 0.0166666666667
1 0.540625 0.497222222222 0.0078125 0.0166666666667
1 0.324609375 0.502083333333 0.00703125 0.0180555555556
1 0.434375 0.498611111111 0.0078125 0.0166666666667
0 0.95078125 0.50625 0.0109375 0.0208333333333
0 0.796875 0.497916666667 0.0078125 0.0152777777778
0 0.27734375 0.497222222222 0.0078125 0.0166666666667
0 0.41796875 0.493055555556 0.00625 0.0138888888889
