1 0.729296875 0.521527777778 0.01171875 0.0263888888889
1 0.862109375 0.545833333333 0.01484375 0.0361111111111
0 0.2125 0.743055555556 0.046875 0.111111111111
0 0.605859375 0.640972222222 0.03359375 0.0680555555556
0 0.684765625 0.591666666667 0.02109375 0.0527777777778
0 0.671875 0.552777777778 0.0171875 0.0388888888889
2 0.906640625 0.528472222222 0.01328125 0.0291666666667
2 0.93828125 0.515972222222 0.0109375 0.0236111111111
2 0.4703125 0.622222222222 0.05 0.191666666667
2 0.641796875 0.573611111111 0.03828125 0.138888888889
1 0.06171875 0.50625 0.0078125 0.0208333333333
1 0.24140625 0.503472222222 0.0078125 0.0180555555556
1 0.41953125 0.502777777778 0.0078125 0.0194444444444
1 0.558203125 0.506944444444 0.00859375 0.0222222222222
0 0.068359375 0.515972222222 0.00859375 0.0236111111111
0 0.217578125 0.511805555556 0.01015625 0.0208333333333
0 0.364453125 0.5125 0.00859375 0.0222222222222
0 0.475390625 0.515972222222 0.00859375 0.0236111111111
0 0.591015625 0.529166666667 0.01171875 0.0277777777778
