2 0.212109375 0.55 0.03046875 0.116666666667
2 0.34921875 0.570138888889 0.0375 0.1375
1 0.930078125 0.630555555556 0.03359375 0.0666666666667
1 0.550390625 0.628472222222 0.02421875 0.0652777777778
1 0.14765625 0.563194444444 0.0171875 0.0402777777778
1 0.24765625 0.597916666667 0.0234375 0.0513888888889
1 0.167578125 0.534722222222 0.01328125 0.0333333333333
0 0.139453125 0.511805555556 0.01171875 0.0263888888889
0 0.978515625 0.500694444444 0.01015625 0.0208333333333
0 0.54765625 0.492361111111 0.00625 0.0180555555556
0 0.686328125 0.49375 0.00546875 0.0152777777778
0 0.82421875 0.497222222222 0.0078125 0.0166666666667
1 0.903515625 0.508333333333 0.01015625 0.0222222222222
1 0.784765625 0.502083333333 0.00859375 0.0180555555556
1 0.262109375 0.515972222222 0.01015625 0.0236111111111
1 0.452734375 0.502777777778 0.00703125 0.0194444444444
1 0.56484375 0.499305555556 0.0078125 0.0180555555556
