0 0.2140625 0.578472222222 0.0203125 0.0486111111111
0 0.325 0.625694444444 0.0265625 0.0625
0 0.327734375 0.739583333333 0.04453125 0.0986111111111
0 0.908984375 0.600694444444 0.02578125 0.0513888888889
1 0.1859375 0.536111111111 0.0140625 0.0277777777778
1 0.415234375 0.552777777778 0.01796875 0.0361111111111
1 0.58984375 0.586111111111 0.01875 0.0472222222222
2 0.205859375 0.768055555556 0.09609375 0.336111111111
2 0.625 0.552083333333 0.015625 0.0347222222222
2 0.847265625 0.559027777778 0.01484375 0.0375
2 0.82578125 0.535416666667 0.0125 0.0291666666667
2 0.647265625 0.53125 0.01171875 0.0291666666667
0 0.037109375 0.559722222222 0.01953125 0.0388888888889
