0 0.576171875 0.656944444444 0.03515625 0.075
0 0.8453125 0.584722222222 0.0265625 0.0472222222222
0 0.93671875 0.532638888889 0.015625 0.0319444444444
1 0.821484375 0.548611111111 0.01796875 0.0361111111111
2 0.57578125 0.575 0.021875 0.0444444444444
2 0.61484375 0.544444444444 0.015625 0.0361111111111
0 0.8015625 0.517361111111 0.0109375 0.0236111111111
0 0.762890625 0.508333333333 0.00859375 0.0194444444444
0 0.78203125 0.498611111111 0.0078125 0.0166666666667
0 0.83984375 0.494444444444 0.00625 0.0166666666667
0 0.915625 0.489583333333 0.00625 0.0152777777778
1 0.63515625 0.507638888889 0.00625 0.0180555555556
1 0.6578125 0.520833333333 0.009375 0.025
1 0.683203125 0.495138888889 0.00546875 0.0152777777778
