0 0.08984375 0.804861111111 0.05625 0.134722222222
0 0.55625 0.659027777778 0.034375 0.0763888888889
0 0.6375 0.597222222222 0.021875 0.0583333333333
0 0.621484375 0.554861111111 0.01640625 0.0402777777778
0 0.539453125 0.529166666667 0.01328125 0.0305555555556
1 0.816015625 0.544444444444 0.01328125 0.0361111111111
1 0.680078125 0.519444444444 0.01171875 0.0277777777778
2 0.4046875 0.639583333333 0.0546875 0.215277777778
2 0.59375 0.580555555556 0.040625 0.152777777778
2 0.85703125 0.525694444444 0.0125 0.0291666666667
2 0.886328125 0.5125 0.01171875 0.025
1 0.171484375 0.503472222222 0.00859375 0.0208333333333
1 0.362109375 0.502083333333 0.00703125 0.0208333333333
1 0.505859375 0.505555555556 0.01015625 0.0222222222222
0 0.144921875 0.513194444444 0.01015625 0.0208333333333
0 0.30234375 0.5125 0.009375 0.0222222222222
0 0.418359375 0.515277777778 0.01015625 0.025
