1 0.7984375 0.634027777778 0.034375 0.0680555555556
1 0.6453125 0.568055555556 0.015625 0.0416666666667
1 0.722265625 0.521527777778 0.01171875 0.0291666666667
1 0.445703125 0.513194444444 0.01015625 0.0236111111111
0 0.269921875 0.628472222222 0.03359375 0.0652777777778
0 0.3921875 0.569444444444 0.015625 0.0444444444444
0 0.599609375 0.513888888889 0.01015625 0.025
2 0.69140625 0.553472222222 0.0296875 0.115277777778
2 0.659765625 0.529861111111 0.01796875 0.0902777777778
2 0.343359375 0.553472222222 0.03046875 0.118055555556
2 0.37890625 0.529861111111 0.01875 0.0958333333333
2 0.45625 0.502083333333 0.0078125 0.0208333333333
2 0.578515625 0.502777777778 0.01015625 0.0222222222222
0 0.077734375 0.513194444444 0.01171875 0.0263888888889
0 0.22578125 0.515972222222 0.0140625 0.0263888888889
0 0.327734375 0.526388888889 0.01328125 0.0305555555556
0 0.75546875 0.502777777778 0.0078125 0.0222222222222
1 0.844921875 0.511111111111 0.01171875 0.0277777777778
1 0.144921875 0.502083333333 0.00859375 0.0208333333333
