2 0.16640625 0.747222222222 0.09375 0.327777777778
2 0.455859375 0.620833333333 0.05078125 0.186111111111
2 0.7375 0.534027777778 0.0140625 0.0319444444444
2 0.940625 0.543055555556 0.0140625 0.0333333333333
0 0.9765625 0.572916666667 0.021875 0.0458333333333
0 0.40234375 0.7375 0.046875 0.111111111111
0 0.510546875 0.632638888889 0.02421875 0.0652777777778
0 0.49296875 0.575 0.01875 0.0444444444444
0 0.4 0.545138888889 0.0171875 0.0347222222222
1 0.5546875 0.530555555556 0.0140625 0.0305555555556
1 0.7 0.55625 0.015625 0.0402777777778
2 0.761328125 0.51875 0.01015625 0.0236111111111
2 0.932421875 0.522916666667 0.01015625 0.0263888888889
0 0.1234375 0.529166666667 0.0140625 0.0277777777778
0 0.262109375 0.53125 0.01328125 0.0291666666667
1 0.200390625 0.515277777778 0.01171875 0.0222222222222
1 0.366015625 0.516666666667 0.01015625 0.025
