1 0.75390625 0.552083333333 0.01875 0.0375
0 0.496484375 0.694444444444 0.04453125 0.0833333333333
0 0.783984375 0.595138888889 0.02734375 0.0513888888889
0 0.865234375 0.534722222222 0.01640625 0.0305555555556
2 0.49765625 0.588194444444 0.025 0.0486111111111
2 0.53984375 0.550694444444 0.015625 0.0375
1 0.559375 0.510416666667 0.0078125 0.0208333333333
1 0.5828125 0.525694444444 0.0109375 0.0236111111111
1 0.607421875 0.497916666667 0.00546875 0.0180555555556
1 0.691015625 0.490972222222 0.00703125 0.0152777777778
1 0.89296875 0.486111111111 0.00625 0.0138888888889
0 0.92265625 0.489583333333 0.00625 0.0152777777778
0 0.834765625 0.490972222222 0.00703125 0.0152777777778
0 0.7625 0.496527777778 0.00625 0.0152777777778
0 0.688671875 0.509722222222 0.00703125 0.0222222222222
0 0.70703125 0.500694444444 0.00625 0.0180555555556
0 0.728515625 0.520833333333 0.01171875 0.025
