2 0.389453125 0.571527777778 0.04296875 0.140277777778
2 0.548828125 0.613888888889 0.05078125 0.183333333333
2 0.07421875 0.516666666667 0.0109375 0.025
2 0.108203125 0.530555555556 0.01171875 0.0277777777778
1 0.3578125 0.543055555556 0.0125 0.0333333333333
1 0.32734375 0.580555555556 0.01875 0.0472222222222
1 0.425 0.636805555556 0.03125 0.0680555555556
1 0.853515625 0.729166666667 0.04296875 0.102777777778
0 0.173046875 0.545833333333 0.01640625 0.0333333333333
0 0.339453125 0.514583333333 0.01015625 0.0236111111111
0 0.465625 0.504166666667 0.0078125 0.0194444444444
0 0.61171875 0.5 0.0078125 0.0194444444444
0 0.946875 0.500694444444 0.0078125 0.0208333333333
0 0.77109375 0.499305555556 0.0078125 0.0180555555556
1 0.45859375 0.521527777778 0.0125 0.0263888888889
1 0.6640625 0.508333333333 0.0078125 0.0222222222222
1 0.7953125 0.507638888889 0.009375 0.0208333333333
