1 0.449609375 0.547916666667 0.01484375 0.0347222222222
1 0.616015625 0.579166666667 0.01640625 0.0444444444444
0 0.923046875 0.595138888889 0.02421875 0.0486111111111
0 0.262890625 0.569444444444 0.01953125 0.0416666666667
0 0.369921875 0.613194444444 0.02421875 0.0569444444444
0 0.382421875 0.706944444444 0.03671875 0.0916666666667
0 0.0984375 0.553472222222 0.0171875 0.0347222222222
1 0.232421875 0.533333333333 0.01171875 0.0277777777778
2 0.28984375 0.711805555556 0.075 0.284722222222
2 0.6515625 0.549305555556 0.0140625 0.0347222222222
2 0.8671875 0.556944444444 0.0140625 0.0361111111111
1 0.033203125 0.53125 0.01171875 0.0263888888889
2 0.673828125 0.529166666667 0.01015625 0.0277777777778
2 0.85078125 0.534027777778 0.0125 0.0291666666667
