1 0.1609375 0.5375 0.0125 0.0305555555556
1 0.230078125 0.585416666667 0.02421875 0.0486111111111
1 0.540234375 0.666666666667 0.03828125 0.0777777777778
0 0.279296875 0.55 0.01640625 0.0333333333333
0 0.42578125 0.521527777778 0.0125 0.0291666666667
2 0.48203125 0.54375 0.0140625 0.0347222222222
2 0.50625 0.574305555556 0.01875 0.0486111111111
0 0.409765625 0.496527777778 0.00703125 0.0180555555556
0 0.444140625 0.505555555556 0.00859375 0.0194444444444
0 0.106640625 0.491666666667 0.00703125 0.0138888888889
0 0.220703125 0.490972222222 0.00703125 0.0152777777778
1 0.073828125 0.498611111111 0.00859375 0.0166666666667
1 0.1671875 0.496527777778 0.0078125 0.0152777777778
1 0.25 0.497916666667 0.00625 0.0152777777778
1 0.305078125 0.502083333333 0.00859375 0.0180555555556
1 0.316796875 0.509722222222 0.00859375 0.0194444444444
1 0.28359375 0.520138888889 0.0109375 0.0236111111111
