1 0.6609375 0.564583333333 0.015625 0.0402777777778
1 0.505078125 0.538888888889 0.01171875 0.0333333333333
0 0.94375 0.580555555556 0.01875 0.0472222222222
0 0.35859375 0.798611111111 0.0546875 0.130555555556
0 0.471875 0.659027777778 0.0265625 0.0736111111111
0 0.444921875 0.589583333333 0.01953125 0.0486111111111
0 0.34140625 0.555555555556 0.0171875 0.0361111111111
2 0.41640625 0.652083333333 0.05625 0.218055555556
1 0.121484375 0.522916666667 0.01015625 0.0263888888889
1 0.302734375 0.523611111111 0.01015625 0.0277777777778
0 0.033984375 0.539583333333 0.01328125 0.0291666666667
0 0.18984375 0.540277777778 0.0125 0.0305555555556
2 0.69296875 0.540277777778 0.0109375 0.0305555555556
2 0.71328125 0.523611111111 0.009375 0.025
2 0.8828125 0.527777777778 0.0109375 0.0277777777778
2 0.89765625 0.547222222222 0.0140625 0.0333333333333
