2 0.067578125 0.540277777778 0.02890625 0.0972222222222
2 0.198046875 0.548611111111 0.02890625 0.105555555556
0 0.78828125 0.627777777778 0.03125 0.0638888888889
1 0.1046875 0.577083333333 0.021875 0.0458333333333
1 0.359765625 0.585416666667 0.01796875 0.0458333333333
1 0.68359375 0.759027777778 0.05 0.115277777778
1 0.6171875 0.574305555556 0.01875 0.0430555555556
1 0.789453125 0.554166666667 0.01796875 0.0388888888889
0 0.844921875 0.503472222222 0.00859375 0.0208333333333
0 0.97265625 0.516666666667 0.0125 0.025
0 0.7125 0.496527777778 0.00625 0.0152777777778
0 0.483203125 0.494444444444 0.00703125 0.0138888888889
0 0.59765625 0.495138888889 0.00625 0.0125
0 0.21953125 0.502083333333 0.0078125 0.0152777777778
0 0.357421875 0.496527777778 0.00703125 0.0152777777778
1 0.7453125 0.509027777778 0.009375 0.0208333333333
1 0.81640625 0.519444444444 0.0109375 0.025
1 0.834765625 0.532638888889 0.01171875 0.0263888888889
1 0.653515625 0.502777777778 0.00703125 0.0194444444444
1 0.562890625 0.501388888889 0.00703125 0.0166666666667
1 0.0796875 0.521527777778 0.0109375 0.0236111111111
1 0.1625 0.511805555556 0.009375 0.0208333333333
1 0.267578125 0.505555555556 0.00703125 0.0166666666667
1 0.3734375 0.502083333333 0.0078125 0.0152777777778
