2 0.792578125 0.588194444444 0.02421875 0.0513888888889
2 0.862109375 0.661111111111 0.03671875 0.0777777777778
0 0.520703125 0.584722222222 0.02265625 0.0472222222222
0 0.701953125 0.545138888889 0.01484375 0.0347222222222
1 0.158203125 0.574305555556 0.01640625 0.0430555555556
1 0.440234375 0.653472222222 0.03515625 0.0736111111111
1 0.390234375 0.558333333333 0.01796875 0.0361111111111
1 0.529296875 0.538194444444 0.01484375 0.0291666666667
0 0.582421875 0.5 0.00703125 0.0166666666667
0 0.67421875 0.507638888889 0.009375 0.0208333333333
0 0.71953125 0.520833333333 0.0109375 0.025
0 0.473046875 0.497916666667 0.00546875 0.0152777777778
0 0.115625 0.502777777778 0.00625 0.0166666666667
1 0.41953125 0.503472222222 0.00625 0.0180555555556
1 0.49921875 0.50625 0.009375 0.0180555555556
1 0.55625 0.513194444444 0.009375 0.0208333333333
1 0.568359375 0.522222222222 0.00859375 0.025
1 0.0171875 0.511805555556 0.009375 0.0208333333333
1 0.13671875 0.507638888889 0.0078125 0.0152777777778
