1 0.14453125 0.535416666667 0.0140625 0.0319444444444
1 0.126171875 0.563194444444 0.01796875 0.0430555555556
1 0.22578125 0.595138888889 0.025 0.0513888888889
1 0.523828125 0.622916666667 0.02578125 0.0625
1 0.883984375 0.622222222222 0.03203125 0.0638888888889
2 0.192578125 0.547916666667 0.03359375 0.109722222222
2 0.328125 0.567361111111 0.0359375 0.131944444444
1 0.238671875 0.516666666667 0.01015625 0.0222222222222
1 0.75546875 0.502083333333 0.0078125 0.0180555555556
1 0.869921875 0.50625 0.00859375 0.0208333333333
1 0.4296875 0.500694444444 0.00625 0.0180555555556
1 0.540625 0.499305555556 0.0078125 0.0180555555556
1 0.652734375 0.497916666667 0.00859375 0.0180555555556
0 0.94296875 0.500694444444 0.0078125 0.0208333333333
0 0.1140625 0.514583333333 0.009375 0.0236111111111
0 0.79453125 0.495833333333 0.0078125 0.0166666666667
