2 0.692578125 0.575694444444 0.04609375 0.143055555556
2 0.83828125 0.552083333333 0.0390625 0.118055555556
0 0.0984375 0.654166666667 0.04375 0.0777777777778
0 0.519921875 0.640972222222 0.02890625 0.0708333333333
0 0.8015625 0.602083333333 0.0296875 0.0541666666667
0 0.878515625 0.571527777778 0.02109375 0.0430555555556
0 0.098828125 0.513888888889 0.01015625 0.025
0 0.2234375 0.505555555556 0.0078125 0.0222222222222
0 0.34375 0.500694444444 0.0078125 0.0180555555556
0 0.45859375 0.499305555556 0.0078125 0.0180555555556
0 0.58359375 0.501388888889 0.0078125 0.0194444444444
0 0.683984375 0.505555555556 0.00703125 0.0222222222222
0 0.795703125 0.519444444444 0.01171875 0.025
0 0.871875 0.540972222222 0.0140625 0.0347222222222
1 0.93984375 0.516666666667 0.0125 0.0277777777778
1 0.764453125 0.500694444444 0.00859375 0.0180555555556
1 0.023046875 0.507638888889 0.01015625 0.0208333333333
1 0.1859375 0.499305555556 0.0078125 0.0180555555556
1 0.631640625 0.494444444444 0.00703125 0.0166666666667
