2 0.373828125 0.608333333333 0.02734375 0.0555555555556
2 0.426171875 0.561805555556 0.01640625 0.0430555555556
1 0.65390625 0.559027777778 0.01875 0.0402777777778
1 0.473828125 0.530555555556 0.01328125 0.0305555555556
0 0.359375 0.759027777778 0.0546875 0.1125
0 0.69140625 0.608333333333 0.0265625 0.0583333333333
0 0.762890625 0.538194444444 0.01484375 0.0347222222222
0 0.97890625 0.547222222222 0.015625 0.0361111111111
1 0.44921875 0.513888888889 0.0078125 0.0222222222222
1 0.50078125 0.499305555556 0.0078125 0.0180555555556
1 0.584375 0.491666666667 0.00625 0.0166666666667
0 0.624609375 0.522916666667 0.01015625 0.0263888888889
0 0.583984375 0.510416666667 0.00859375 0.0208333333333
0 0.600390625 0.500694444444 0.00859375 0.0180555555556
0 0.65546875 0.494444444444 0.0078125 0.0138888888889
0 0.725 0.491666666667 0.00625 0.0166666666667
0 0.80703125 0.488888888889 0.00625 0.0166666666667
0 0.90390625 0.488194444444 0.00625 0.0152777777778
