2 0.2546875 0.534027777778 0.0125 0.0319444444444
2 0.28046875 0.554166666667 0.015625 0.0361111111111
1 0.607421875 0.710416666667 0.04453125 0.0930555555556
1 0.31328125 0.603472222222 0.0265625 0.0541666666667
1 0.027734375 0.572222222222 0.02109375 0.0444444444444
0 0.058984375 0.54375 0.01640625 0.0319444444444
0 0.19765625 0.518055555556 0.0125 0.025
1 0.04609375 0.521527777778 0.0125 0.0236111111111
1 0.06015625 0.505555555556 0.009375 0.0194444444444
1 0.0765625 0.510416666667 0.009375 0.0208333333333
0 0.08125 0.495833333333 0.0078125 0.0138888888889
0 0.1734375 0.498611111111 0.0078125 0.0166666666667
0 0.21171875 0.503472222222 0.009375 0.0208333333333
