0 0.123046875 0.593055555556 0.02734375 0.0555555555556
0 0.333203125 0.555555555556 0.01796875 0.0388888888889
0 0.39921875 0.529166666667 0.009375 0.0305555555556
0 0.732421875 0.650694444444 0.03515625 0.0708333333333
1 0.300390625 0.645138888889 0.03671875 0.0680555555556
1 0.876171875 0.592361111111 0.02734375 0.0541666666667
1 0.661328125 0.558333333333 0.01953125 0.0388888888889
1 0.580078125 0.529861111111 0.01015625 0.0291666666667
2 0.130078125 0.854166666667 0.07734375 0.147222222222
2 0.941015625 0.855555555556 0.06484375 0.155555555556
2 0.60625 0.516666666667 0.015625 0.0777777777778
2 0.591015625 0.502777777778 0.01328125 0.0666666666667
2 0.3703125 0.515277777778 0.01875 0.0805555555556
2 0.3890625 0.502777777778 0.0140625 0.0666666666667
1 0.43125 0.497916666667 0.0078125 0.0208333333333
1 0.65078125 0.502777777778 0.009375 0.0222222222222
1 0.751171875 0.497916666667 0.00859375 0.0208333333333
0 0.555078125 0.498611111111 0.00859375 0.0194444444444
0 0.25234375 0.497916666667 0.009375 0.0208333333333
0 0.341015625 0.505555555556 0.01171875 0.0222222222222
