2 0.25546875 0.719444444444 0.0796875 0.286111111111
0 0.145703125 0.93125 0.06015625 0.1375
0 0.34296875 0.705555555556 0.0375 0.0888888888889
0 0.320703125 0.613888888889 0.02734375 0.0555555555556
0 0.85859375 0.588194444444 0.021875 0.0458333333333
0 0.20546875 0.573611111111 0.0203125 0.0416666666667
1 0.39609375 0.548611111111 0.015625 0.0333333333333
1 0.565625 0.578472222222 0.01875 0.0458333333333
2 0.8046875 0.554166666667 0.015625 0.0361111111111
2 0.598046875 0.547222222222 0.01640625 0.0333333333333
2 0.6171875 0.527777777778 0.0109375 0.0277777777778
2 0.7859375 0.53125 0.0109375 0.0291666666667
0 0.02890625 0.557638888889 0.01875 0.0375
1 0.16953125 0.536111111111 0.0125 0.0277777777778
