0 0.124609375 0.542361111111 0.01796875 0.0319444444444
0 0.26328125 0.516666666667 0.0109375 0.025
1 0.371484375 0.613888888889 0.02578125 0.0583333333333
1 0.708984375 0.758333333333 0.04921875 0.119444444444
1 0.0875 0.571527777778 0.0203125 0.0430555555556
2 0.31796875 0.534027777778 0.0140625 0.0319444444444
2 0.3421875 0.556944444444 0.015625 0.0416666666667
0 0.2421875 0.496527777778 0.0078125 0.0152777777778
0 0.278515625 0.504166666667 0.00859375 0.0194444444444
0 0.03359375 0.493055555556 0.00625 0.0138888888889
1 0.069921875 0.499305555556 0.00703125 0.0180555555556
1 0.1171875 0.519444444444 0.009375 0.0222222222222
1 0.1328125 0.502777777778 0.009375 0.0194444444444
1 0.14765625 0.508333333333 0.009375 0.0194444444444
