1 0.4125 0.59375 0.021875 0.0513888888889
1 0.4453125 0.550694444444 0.015625 0.0375
1 0.5234375 0.671527777778 0.034375 0.0819444444444
0 0.25625 0.551388888889 0.0171875 0.0361111111111
0 0.42578125 0.518055555556 0.0109375 0.025
2 0.165234375 0.518055555556 0.01015625 0.025
2 0.195703125 0.531944444444 0.01171875 0.0305555555556
2 0.4828125 0.590972222222 0.04375 0.159722222222
2 0.676953125 0.650694444444 0.05703125 0.223611111111
0 0.88671875 0.504861111111 0.009375 0.0208333333333
0 0.709765625 0.50625 0.00859375 0.0180555555556
0 0.55546875 0.509027777778 0.009375 0.0208333333333
1 0.91796875 0.515277777778 0.0109375 0.0222222222222
1 0.769921875 0.515277777778 0.01171875 0.0222222222222
1 0.642578125 0.519444444444 0.01171875 0.025
1 0.55 0.527083333333 0.0140625 0.0291666666667
