0 0.154296875 0.924305555556 0.08203125 0.151388888889
0 0.62734375 0.636805555556 0.034375 0.0680555555556
0 0.91953125 0.552083333333 0.01875 0.0402777777778
0 0.69296875 0.541666666667 0.0171875 0.0361111111111
1 0.579296875 0.56875 0.02109375 0.0430555555556
2 0.23828125 0.647222222222 0.0390625 0.0722222222222
2 0.315234375 0.577083333333 0.02109375 0.0486111111111
0 0.49921875 0.5125 0.0109375 0.025
0 0.51640625 0.501388888889 0.0078125 0.0194444444444
0 0.54296875 0.525 0.0140625 0.0277777777778
0 0.573828125 0.49375 0.00859375 0.0152777777778
0 0.643359375 0.489583333333 0.00859375 0.0180555555556
0 0.926171875 0.486111111111 0.00703125 0.0166666666667
0 0.81953125 0.485416666667 0.00625 0.0152777777778
0 0.72578125 0.485416666667 0.00625 0.0152777777778
1 0.351953125 0.515972222222 0.01015625 0.0236111111111
1 0.376953125 0.536805555556 0.01484375 0.0319444444444
1 0.409375 0.499305555556 0.0078125 0.0180555555556
1 0.49921875 0.490277777778 0.00625 0.0166666666667
1 0.593359375 0.484722222222 0.00546875 0.0138888888889
