2 0.673828125 0.652777777778 0.05390625 0.227777777778
2 0.125390625 0.552083333333 0.01484375 0.0347222222222
2 0.1359375 0.532638888889 0.0125 0.0291666666667
2 0.312109375 0.524305555556 0.01015625 0.0263888888889
2 0.33671875 0.542361111111 0.0140625 0.0319444444444
0 0.39375 0.568055555556 0.01875 0.0416666666667
0 0.5828125 0.530555555556 0.0125 0.0277777777778
1 0.74921875 0.804166666667 0.059375 0.136111111111
1 0.571484375 0.640972222222 0.02578125 0.0736111111111
1 0.60859375 0.572916666667 0.0171875 0.0458333333333
1 0.10625 0.586111111111 0.021875 0.0472222222222
0 0.916796875 0.515972222222 0.01171875 0.0236111111111
0 0.728515625 0.51875 0.01171875 0.0263888888889
1 0.841796875 0.533333333333 0.01328125 0.0305555555556
1 0.73046875 0.544444444444 0.015625 0.0333333333333
