2 0.36328125 0.529166666667 0.021875 0.0916666666667
2 0.387890625 0.5125 0.01484375 0.075
2 0.6328125 0.527777777778 0.0203125 0.0888888888889
2 0.613671875 0.511805555556 0.01328125 0.0736111111111
0 0.047265625 0.631944444444 0.03203125 0.0638888888889
0 0.317578125 0.577777777778 0.02265625 0.0444444444444
0 0.4 0.543055555556 0.0125 0.0361111111111
0 0.828515625 0.722916666667 0.04609375 0.0986111111111
1 0.601953125 0.543055555556 0.01171875 0.0333333333333
1 0.702734375 0.579861111111 0.02265625 0.0486111111111
1 0.24375 0.717361111111 0.0546875 0.0958333333333
1 0.9796875 0.629166666667 0.0296875 0.0666666666667
0 0.571484375 0.504166666667 0.00859375 0.0222222222222
0 0.338671875 0.513888888889 0.01171875 0.025
0 0.24453125 0.505555555556 0.009375 0.0222222222222
1 0.4375 0.503472222222 0.0078125 0.0236111111111
1 0.67578125 0.509027777778 0.009375 0.0208333333333
0 0.1125 0.503472222222 0.009375 0.0208333333333
