1 0.206640625 0.571527777778 0.01640625 0.0402777777778
1 0.466015625 0.657638888889 0.03515625 0.0736111111111
1 0.434375 0.556944444444 0.0171875 0.0361111111111
1 0.577734375 0.538194444444 0.01484375 0.0319444444444
0 0.561328125 0.586111111111 0.02265625 0.0472222222222
0 0.75625 0.548611111111 0.015625 0.0333333333333
2 0.848046875 0.594444444444 0.02578125 0.0527777777778
2 0.91484375 0.675694444444 0.0390625 0.0819444444444
2 0.04765625 0.544444444444 0.03125 0.0972222222222
0 0.63828125 0.5 0.0078125 0.0166666666667
0 0.7328125 0.509027777778 0.009375 0.0208333333333
0 0.77734375 0.522916666667 0.0109375 0.0263888888889
0 0.52890625 0.496527777778 0.00625 0.0152777777778
0 0.033203125 0.504166666667 0.00703125 0.0194444444444
0 0.42421875 0.495833333333 0.00625 0.0138888888889
0 0.1828125 0.499305555556 0.00625 0.0152777777778
1 0.61015625 0.513194444444 0.009375 0.0208333333333
1 0.620703125 0.523611111111 0.01015625 0.025
1 0.553515625 0.505555555556 0.00859375 0.0194444444444
1 0.475390625 0.501388888889 0.00703125 0.0166666666667
1 0.088671875 0.509027777778 0.00859375 0.0180555555556
1 0.2015625 0.504166666667 0.0078125 0.0166666666667
1 0.39140625 0.501388888889 0.00625 0.0166666666667
