1 0.779296875 0.554861111111 0.01328125 0.0375
0 0.525 0.702083333333 0.0421875 0.0930555555556
0 0.606640625 0.619444444444 0.02421875 0.0611111111111
0 0.58125 0.56875 0.0171875 0.0430555555556
2 0.346484375 0.695833333333 0.08046875 0.263888888889
2 0.563671875 0.605555555556 0.04765625 0.169444444444
2 0.814453125 0.534027777778 0.01328125 0.0291666666667
2 0.838671875 0.519444444444 0.01015625 0.025
1 0.083984375 0.516666666667 0.00859375 0.0222222222222
1 0.294921875 0.513888888889 0.00703125 0.0194444444444
1 0.449609375 0.515277777778 0.00859375 0.0222222222222
1 0.633203125 0.529861111111 0.01015625 0.0291666666667
0 0.051171875 0.527777777778 0.01171875 0.025
0 0.2296875 0.524305555556 0.009375 0.0263888888889
0 0.35703125 0.527777777778 0.0109375 0.0277777777778
0 0.487890625 0.540277777778 0.01328125 0.0305555555556
