1 0.88125 0.731944444444 0.04375 0.105555555556
1 0.934765625 0.619444444444 0.02578125 0.0611111111111
1 0.34609375 0.59375 0.0203125 0.0486111111111
1 0.145703125 0.565277777778 0.02109375 0.0388888888889
0 0.030859375 0.797916666667 0.05703125 0.120833333333
0 0.02734375 0.65625 0.0390625 0.0708333333333
0 0.649609375 0.590277777778 0.02421875 0.0472222222222
0 0.89453125 0.55 0.01875 0.0333333333333
2 0.593359375 0.553472222222 0.01328125 0.0375
2 0.38359375 0.554861111111 0.015625 0.0347222222222
2 0.405859375 0.532638888889 0.01171875 0.0291666666667
2 0.574609375 0.530555555556 0.01171875 0.0277777777778
