1 0.29609375 0.651388888889 0.0390625 0.0722222222222
1 0.583203125 0.532638888889 0.01015625 0.0319444444444
1 0.66640625 0.559027777778 0.0171875 0.0430555555556
1 0.885546875 0.597222222222 0.02421875 0.0555555555556
0 0.740625 0.655555555556 0.0375 0.075
0 0.116796875 0.597916666667 0.02890625 0.0569444444444
0 0.333203125 0.559027777778 0.01953125 0.0402777777778
0 0.401171875 0.53125 0.01015625 0.0319444444444
2 0.1109375 0.875694444444 0.0875 0.159722222222
2 0.965625 0.88125 0.0640625 0.1625
2 0.610546875 0.518055555556 0.01953125 0.0777777777778
2 0.59296875 0.50625 0.0125 0.0652777777778
2 0.370703125 0.51875 0.01640625 0.0791666666667
2 0.38984375 0.504861111111 0.0140625 0.0708333333333
1 0.653515625 0.502777777778 0.01015625 0.0222222222222
1 0.75546875 0.497916666667 0.009375 0.0208333333333
1 0.432421875 0.497916666667 0.00859375 0.0208333333333
0 0.557421875 0.5 0.00859375 0.0194444444444
0 0.126171875 0.497916666667 0.01015625 0.0208333333333
0 0.251953125 0.5 0.01015625 0.0222222222222
0 0.341796875 0.505555555556 0.01015625 0.0222222222222
