0 0.43984375 0.729861111111 0.05 0.101388888889
0 0.77265625 0.567361111111 0.0203125 0.0430555555556
0 0.52265625 0.560416666667 0.01875 0.0402777777778
1 0.38203125 0.607638888889 0.028125 0.0569444444444
2 0.90703125 0.530555555556 0.034375 0.1
0 0.295703125 0.526388888889 0.01015625 0.0277777777778
0 0.321484375 0.511805555556 0.00859375 0.0236111111111
0 0.347265625 0.542361111111 0.01484375 0.0347222222222
0 0.38828125 0.501388888889 0.009375 0.0194444444444
0 0.465234375 0.494444444444 0.00703125 0.0166666666667
0 0.55078125 0.489583333333 0.00625 0.0152777777778
0 0.64453125 0.488194444444 0.00625 0.0152777777778
0 0.744140625 0.486805555556 0.00703125 0.0180555555556
0 0.861328125 0.490277777778 0.00703125 0.0194444444444
0 0.962109375 0.494444444444 0.00859375 0.0222222222222
1 0.10546875 0.535416666667 0.0125 0.0319444444444
1 0.125 0.565277777778 0.0171875 0.0388888888889
1 0.1921875 0.511805555556 0.0078125 0.0208333333333
1 0.304296875 0.497916666667 0.00703125 0.0180555555556
1 0.411328125 0.489583333333 0.00703125 0.0152777777778
1 0.51953125 0.485416666667 0.0046875 0.0152777777778
1 0.6359375 0.483333333333 0.0046875 0.0138888888889
