0 0.751953125 0.601388888889 0.02890625 0.0555555555556
0 0.8296875 0.536111111111 0.015625 0.0305555555556
0 0.44921875 0.717361111111 0.046875 0.0958333333333
1 0.719921875 0.555555555556 0.01796875 0.0361111111111
2 0.454296875 0.595833333333 0.02578125 0.0527777777778
2 0.499609375 0.555555555556 0.01640625 0.0388888888889
1 0.51953125 0.510416666667 0.0078125 0.0208333333333
1 0.544921875 0.527777777778 0.01171875 0.0277777777778
1 0.569140625 0.498611111111 0.00703125 0.0166666666667
1 0.745703125 0.4875 0.00546875 0.0138888888889
1 0.851171875 0.484722222222 0.00546875 0.0138888888889
0 0.651171875 0.510416666667 0.00859375 0.0208333333333
0 0.668359375 0.500694444444 0.00703125 0.0180555555556
0 0.6921875 0.520833333333 0.0109375 0.025
0 0.723828125 0.494444444444 0.00546875 0.0166666666667
0 0.79453125 0.491666666667 0.00625 0.0166666666667
0 0.88125 0.489583333333 0.00625 0.0152777777778
