2 0.626953125 0.566666666667 0.02109375 0.0416666666667
2 0.665625 0.538194444444 0.0140625 0.0319444444444
0 0.2265625 0.891666666667 0.0859375 0.172222222222
0 0.625390625 0.634722222222 0.03515625 0.0694444444444
0 0.8859375 0.576388888889 0.0234375 0.05
1 0.8703125 0.542361111111 0.01875 0.0347222222222
0 0.98828125 0.529166666667 0.0125 0.0305555555556
0 0.974609375 0.488888888889 0.00703125 0.0166666666667
0 0.895703125 0.490972222222 0.00703125 0.0180555555556
0 0.85234375 0.515277777778 0.0109375 0.025
0 0.835546875 0.496527777778 0.00703125 0.0180555555556
0 0.81484375 0.504166666667 0.0078125 0.0194444444444
1 0.68671875 0.504166666667 0.0078125 0.0194444444444
1 0.70859375 0.518055555556 0.0109375 0.025
