0 0.323046875 0.556944444444 0.01484375 0.0361111111111
0 0.500390625 0.522222222222 0.01015625 0.0277777777778
1 0.518359375 0.558333333333 0.01484375 0.0388888888889
1 0.481640625 0.610416666667 0.02109375 0.0597222222222
1 0.605859375 0.7125 0.04140625 0.0972222222222
1 0.63046875 0.533333333333 0.0125 0.0305555555556
1 0.04921875 0.575 0.0203125 0.0444444444444
2 0.5578125 0.6125 0.046875 0.183333333333
2 0.79765625 0.707638888889 0.0796875 0.290277777778
2 0.2390625 0.520833333333 0.009375 0.025
2 0.266015625 0.536111111111 0.01171875 0.0305555555556
2 0.058203125 0.545833333333 0.01328125 0.0333333333333
2 0.0640625 0.529166666667 0.0109375 0.0277777777778
0 0.635546875 0.513194444444 0.01015625 0.0236111111111
0 0.80234375 0.509722222222 0.009375 0.0222222222222
1 0.73125 0.525 0.0125 0.0277777777778
1 0.871875 0.520833333333 0.0125 0.025
