2 0.591796875 0.551388888889 0.01328125 0.0333333333333
2 0.384765625 0.553472222222 0.01640625 0.0347222222222
0 0.0546875 0.777083333333 0.0546875 0.1125
0 0.044140625 0.649305555556 0.03515625 0.0680555555556
0 0.644921875 0.586805555556 0.02265625 0.0458333333333
0 0.886328125 0.549305555556 0.01796875 0.0347222222222
1 0.862109375 0.717361111111 0.04140625 0.0958333333333
1 0.9203125 0.613194444444 0.025 0.0597222222222
1 0.15234375 0.5625 0.021875 0.0361111111111
1 0.349609375 0.589583333333 0.01640625 0.0486111111111
2 0.40546875 0.531944444444 0.0109375 0.0277777777778
2 0.572265625 0.529166666667 0.01171875 0.0277777777778
