2 0.05546875 0.546527777778 0.0328125 0.106944444444
2 0.19375 0.557638888889 0.0328125 0.115277777778
1 0.094921875 0.586111111111 0.02421875 0.0472222222222
1 0.369140625 0.596527777778 0.02109375 0.0513888888889
1 0.776953125 0.844444444444 0.07265625 0.144444444444
1 0.650390625 0.586805555556 0.02265625 0.0486111111111
1 0.833203125 0.563194444444 0.01796875 0.0402777777778
0 0.85859375 0.654166666667 0.0390625 0.0722222222222
1 0.87734375 0.541666666667 0.0140625 0.0333333333333
1 0.851953125 0.523611111111 0.01171875 0.025
1 0.771484375 0.5125 0.01015625 0.0222222222222
1 0.675390625 0.505555555556 0.00859375 0.0166666666667
1 0.0796875 0.520833333333 0.0109375 0.025
1 0.165625 0.511805555556 0.0109375 0.0208333333333
1 0.274609375 0.504861111111 0.00859375 0.0180555555556
1 0.384375 0.502083333333 0.0078125 0.0152777777778
1 0.489453125 0.500694444444 0.00703125 0.0180555555556
1 0.580859375 0.502777777778 0.00859375 0.0166666666667
0 0.87734375 0.507638888889 0.009375 0.0208333333333
0 0.736328125 0.498611111111 0.00703125 0.0166666666667
0 0.497265625 0.495138888889 0.00546875 0.0152777777778
0 0.615625 0.497916666667 0.00625 0.0152777777778
