2 0.472265625 0.593055555556 0.02578125 0.05
2 0.5171875 0.553472222222 0.015625 0.0375
1 0.73359375 0.553472222222 0.0171875 0.0375
0 0.4703125 0.709027777778 0.0453125 0.0902777777778
0 0.766015625 0.597916666667 0.02734375 0.0513888888889
0 0.844921875 0.535416666667 0.01484375 0.0319444444444
0 0.6671875 0.511805555556 0.0078125 0.0208333333333
0 0.684375 0.501388888889 0.00625 0.0194444444444
0 0.7078125 0.521527777778 0.0109375 0.0236111111111
0 0.740625 0.495138888889 0.00625 0.0180555555556
0 0.811328125 0.492361111111 0.00703125 0.0152777777778
1 0.53671875 0.510416666667 0.0078125 0.0236111111111
1 0.560546875 0.526388888889 0.01171875 0.0277777777778
1 0.5859375 0.498611111111 0.00625 0.0166666666667
