1 0.923828125 0.879861111111 0.08203125 0.1625
1 0.78046875 0.659722222222 0.03125 0.075
1 0.851953125 0.588888888889 0.01484375 0.05
1 0.362890625 0.571527777778 0.01953125 0.0430555555556
1 0.18125 0.550694444444 0.01875 0.0347222222222
0 0.033984375 0.911111111111 0.06640625 0.169444444444
0 0.159765625 0.695833333333 0.03984375 0.0888888888889
0 0.116015625 0.615277777778 0.02578125 0.0583333333333
0 0.623828125 0.56875 0.01953125 0.0402777777778
2 0.86875 0.691666666667 0.0921875 0.269444444444
2 0.090625 0.703472222222 0.1015625 0.276388888889
0 0.8453125 0.538888888889 0.0140625 0.0305555555556
2 0.391015625 0.542361111111 0.01328125 0.0319444444444
2 0.4078125 0.524305555556 0.009375 0.0263888888889
2 0.562890625 0.522916666667 0.01015625 0.0263888888889
2 0.578515625 0.540972222222 0.01171875 0.0319444444444
