2 0.129296875 0.68125 0.04765625 0.0847222222222
2 0.23359375 0.594444444444 0.025 0.0527777777778
1 0.524609375 0.582638888889 0.02265625 0.0486111111111
0 0.57734375 0.660416666667 0.0390625 0.0736111111111
0 0.642578125 0.548611111111 0.01796875 0.0361111111111
0 0.875390625 0.559027777778 0.01953125 0.0402777777778
1 0.28359375 0.523611111111 0.009375 0.025
1 0.30859375 0.546527777778 0.0140625 0.0319444444444
1 0.34765625 0.505555555556 0.00625 0.0166666666667
1 0.4421875 0.494444444444 0.00625 0.0166666666667
1 0.5390625 0.488888888889 0.0046875 0.0138888888889
0 0.486328125 0.532638888889 0.01171875 0.0291666666667
0 0.440234375 0.51875 0.00859375 0.0236111111111
0 0.459765625 0.507638888889 0.00859375 0.0208333333333
0 0.518359375 0.498611111111 0.00703125 0.0166666666667
0 0.5890625 0.493055555556 0.00625 0.0166666666667
0 0.671484375 0.489583333333 0.00703125 0.0152777777778
0 0.76484375 0.488888888889 0.00625 0.0138888888889
0 0.86796875 0.488888888889 0.00625 0.0166666666667
0 0.991796875 0.492361111111 0.00703125 0.0180555555556
