0 0.28203125 0.611111111111 0.03125 0.0555555555556
0 0.6125 0.610416666667 0.025 0.0597222222222
0 0.866796875 0.585416666667 0.02578125 0.0486111111111
0 0.9484375 0.560416666667 0.01875 0.0402777777778
2 0.76328125 0.556944444444 0.04375 0.122222222222
2 0.9046875 0.540972222222 0.0359375 0.106944444444
1 0.019921875 0.725694444444 0.03828125 0.104166666667
1 0.02578125 0.515972222222 0.0078125 0.0236111111111
1 0.175390625 0.502777777778 0.00859375 0.0194444444444
1 0.3109375 0.495833333333 0.0078125 0.0166666666667
1 0.4421875 0.492361111111 0.0078125 0.0152777777778
1 0.7234375 0.495138888889 0.0078125 0.0180555555556
1 0.85703125 0.5 0.0078125 0.0194444444444
0 0.03359375 0.588194444444 0.0203125 0.0458333333333
0 0.034765625 0.536111111111 0.01328125 0.0277777777778
0 0.136328125 0.51875 0.01015625 0.0236111111111
0 0.241015625 0.509027777778 0.00859375 0.0208333333333
0 0.344921875 0.502777777778 0.00703125 0.0194444444444
0 0.55703125 0.497222222222 0.00625 0.0166666666667
0 0.67578125 0.5 0.0078125 0.0194444444444
0 0.883203125 0.517361111111 0.01171875 0.0263888888889
0 0.95390625 0.536805555556 0.0140625 0.0347222222222
0 0.451171875 0.498611111111 0.00703125 0.0166666666667
