0 0.217578125 0.547222222222 0.01484375 0.0333333333333
0 0.358984375 0.520138888889 0.01171875 0.0263888888889
2 0.414453125 0.538888888889 0.01484375 0.0333333333333
2 0.43671875 0.565277777778 0.01875 0.0444444444444
1 0.9375 0.897916666667 0.0890625 0.176388888889
1 0.466015625 0.638194444444 0.03203125 0.0708333333333
1 0.1734375 0.579861111111 0.021875 0.0458333333333
1 0.09453125 0.538194444444 0.015625 0.0319444444444
1 0.0921875 0.5 0.0078125 0.0166666666667
1 0.178125 0.499305555556 0.0078125 0.0180555555556
1 0.216796875 0.520138888889 0.00859375 0.0236111111111
1 0.236328125 0.502777777778 0.00703125 0.0194444444444
1 0.2484375 0.510416666667 0.0078125 0.0208333333333
0 0.341015625 0.496527777778 0.00859375 0.0180555555556
0 0.37578125 0.504166666667 0.0078125 0.0194444444444
0 0.0265625 0.495833333333 0.00625 0.0166666666667
0 0.146875 0.493055555556 0.00625 0.0138888888889
