2 0.78359375 0.547222222222 0.0359375 0.116666666667
2 0.92421875 0.534027777778 0.03125 0.104166666667
1 0.117578125 0.679861111111 0.04453125 0.0819444444444
0 0.97109375 0.554861111111 0.0171875 0.0402777777778
0 0.98125 0.531944444444 0.0140625 0.0333333333333
0 0.884375 0.574305555556 0.021875 0.0458333333333
0 0.640234375 0.594444444444 0.02109375 0.0527777777778
0 0.33984375 0.592361111111 0.0234375 0.0513888888889
0 0.116015625 0.571527777778 0.01953125 0.0430555555556
0 0.06171875 0.548611111111 0.015625 0.0361111111111
1 0.095703125 0.508333333333 0.01015625 0.0222222222222
1 0.23203125 0.497916666667 0.0078125 0.0180555555556
1 0.89375 0.496527777778 0.009375 0.0180555555556
1 0.484765625 0.488194444444 0.00546875 0.0152777777778
1 0.611328125 0.488194444444 0.00703125 0.0152777777778
1 0.358203125 0.492361111111 0.00546875 0.0152777777778
0 0.10859375 0.526388888889 0.0125 0.0277777777778
0 0.1984375 0.5125 0.009375 0.0222222222222
0 0.29375 0.503472222222 0.0078125 0.0208333333333
0 0.391796875 0.497222222222 0.00703125 0.0194444444444
0 0.49296875 0.494444444444 0.0078125 0.0166666666667
0 0.596484375 0.494444444444 0.00859375 0.0166666666667
0 0.712109375 0.496527777778 0.00859375 0.0180555555556
0 0.809375 0.500694444444 0.0109375 0.0208333333333
0 0.914453125 0.511805555556 0.01015625 0.0263888888889
