2 0.35859375 0.538888888889 0.0203125 0.0944444444444
2 0.386328125 0.519444444444 0.01484375 0.0805555555556
2 0.64921875 0.536805555556 0.0234375 0.0930555555556
2 0.628125 0.520138888889 0.015625 0.0791666666667
0 0.909375 0.790972222222 0.053125 0.126388888889
0 0.306640625 0.593055555556 0.02265625 0.05
0 0.398828125 0.552777777778 0.01171875 0.0361111111111
1 0.726953125 0.595138888889 0.02421875 0.0513888888889
1 0.614453125 0.550694444444 0.01328125 0.0347222222222
1 0.19375 0.780555555556 0.0578125 0.122222222222
0 0.580859375 0.509027777778 0.01015625 0.0236111111111
0 0.239453125 0.510416666667 0.01171875 0.0236111111111
0 0.33671875 0.520138888889 0.0125 0.0263888888889
1 0.440625 0.508333333333 0.009375 0.025
1 0.68984375 0.514583333333 0.0109375 0.0263888888889
0 0.10234375 0.509027777778 0.0109375 0.0236111111111
2 0.44921875 0.500694444444 0.0078125 0.0180555555556
2 0.56171875 0.5 0.0078125 0.0194444444444
