2 0.25625 0.611111111111 0.0484375 0.177777777778
2 0.334765625 0.559722222222 0.03515625 0.125
2 0.778515625 0.609722222222 0.04453125 0.175
2 0.7078125 0.561111111111 0.03125 0.125
0 0.094921875 0.763194444444 0.06171875 0.109722222222
0 0.342578125 0.621527777778 0.02734375 0.0625
0 0.615625 0.528472222222 0.0125 0.0291666666667
0 0.284765625 0.547916666667 0.01640625 0.0375
1 0.701171875 0.620138888889 0.02578125 0.0597222222222
1 0.69140625 0.564583333333 0.015625 0.0458333333333
1 0.431640625 0.527777777778 0.01171875 0.0305555555556
1 0.76796875 0.5375 0.009375 0.0333333333333
1 0.91015625 0.525694444444 0.0125 0.0291666666667
1 0.083984375 0.513888888889 0.01171875 0.025
1 0.293359375 0.515972222222 0.01015625 0.0263888888889
0 0.164453125 0.53125 0.01484375 0.0319444444444
0 0.794921875 0.5125 0.01015625 0.0222222222222
2 0.445703125 0.513194444444 0.01015625 0.0236111111111
2 0.45546875 0.502777777778 0.0078125 0.0222222222222
2 0.57734375 0.502083333333 0.0078125 0.0208333333333
2 0.58828125 0.513194444444 0.0078125 0.0236111111111
