2 0.341015625 0.554861111111 0.03359375 0.115277777778
2 0.37890625 0.529166666667 0.01875 0.1
2 0.691015625 0.552083333333 0.03203125 0.115277777778
2 0.65859375 0.528472222222 0.021875 0.0930555555556
0 0.267578125 0.63125 0.03046875 0.0652777777778
0 0.391015625 0.56875 0.01484375 0.0430555555556
0 0.59921875 0.513888888889 0.009375 0.025
1 0.800390625 0.632638888889 0.03671875 0.0652777777778
1 0.647265625 0.568055555556 0.01640625 0.0444444444444
1 0.444921875 0.513194444444 0.01015625 0.0263888888889
1 0.7234375 0.520833333333 0.0109375 0.0277777777778
1 0.144140625 0.501388888889 0.00859375 0.0194444444444
1 0.846484375 0.511805555556 0.01328125 0.0263888888889
1 0.958203125 0.510416666667 0.01015625 0.0236111111111
0 0.076953125 0.513194444444 0.01171875 0.0236111111111
0 0.225 0.514583333333 0.0125 0.0236111111111
0 0.328125 0.525 0.0125 0.0305555555556
0 0.75625 0.501388888889 0.009375 0.0194444444444
