2 0.24895833333333334 0.6635593220338983 0.05520833333333333 0.19152542372881357
2 0.38359375 0.3694915254237288 0.033854166666666664 0.09491525423728814
2 0.6513020833333333 0.36186440677966103 0.027604166666666666 0.09999999999999999
2 0.7651041666666667 0.6305084745762711 0.05625 0.18305084745762712
0 0.19765625 0.32796610169491525 0.028645833333333332 0.06949152542372881
0 0.43671875 0.26440677966101694 0.0234375 0.05423728813559322
0 0.7114583333333333 0.22203389830508474 0.01875 0.0711864406779661
1 0.6432291666666666 0.2627118644067796 0.01875 0.06101694915254237
1 0.20677083333333332 0.2584745762711864 0.01875 0.06610169491525424
1 0.026041666666666668 0.28983050847457625 0.019791666666666666 0.05423728813559322
1 0.3559895833333333 0.2330508474576271 0.0171875 0.04915254237288135
1 0.43776041666666665 0.19745762711864406 0.0140625 0.0423728813559322
1 0.46510416666666665 0.18389830508474575 0.011458333333333333 0.03559322033898305
0 0.6018229166666667 0.19915254237288135 0.015104166666666667 0.04576271186440678
