0 0.9794270833333333 0.21016949152542372 0.008854166666666666 0.030508474576271184
0 0.94921875 0.2177966101694915 0.009895833333333333 0.03559322033898305
0 0.9161458333333333 0.23728813559322035 0.0125 0.04406779661016949
0 0.9406249999999999 0.3016949152542373 0.019791666666666666 0.06440677966101695
0 0.9513020833333333 0.4279661016949152 0.034895833333333334 0.10677966101694915
1 0.9713541666666666 0.18305084745762712 0.008333333333333333 0.02711864406779661
1 0.8690104166666667 0.17372881355932202 0.008854166666666666 0.0288135593220339
1 0.8244791666666667 0.17372881355932202 0.010416666666666666 0.03559322033898305
1 0.78359375 0.18983050847457628 0.011979166666666666 0.03728813559322034
1 0.7078125 0.2093220338983051 0.015625 0.05254237288135593
1 0.55625 0.28559322033898304 0.021875 0.08983050847457627
1 0.25 0.6042372881355932 0.052083333333333336 0.20508474576271185
