1 0.4984375 0.311864406779661 0.026041666666666668 0.10169491525423728
1 0.6591145833333333 0.2093220338983051 0.01614583333333333 0.05593220338983051
1 0.7322916666666667 0.18050847457627117 0.011458333333333333 0.0423728813559322
1 0.76953125 0.1635593220338983 0.009895833333333333 0.03559322033898305
1 0.8098958333333334 0.16016949152542373 0.008333333333333333 0.0288135593220339
1 0.90234375 0.16779661016949152 0.0078125 0.023728813559322035
0 0.9130208333333333 0.1966101694915254 0.008333333333333333 0.030508474576271184
0 0.88828125 0.20508474576271185 0.009895833333333333 0.03389830508474576
0 0.8622395833333333 0.2288135593220339 0.013020833333333334 0.04406779661016949
0 0.8963541666666667 0.3 0.01875 0.06440677966101695
0 0.9307291666666666 0.45508474576271185 0.0375 0.11694915254237288
0 0.9682291666666667 0.19745762711864406 0.009375 0.0288135593220339
1 0.9950520833333333 0.18305084745762712 0.0078125 0.023728813559322035
