0 0.42916666666666664 0.36610169491525424 0.03125 0.12542372881355932
0 0.609375 0.21440677966101696 0.015625 0.06271186440677966
0 0.6802083333333333 0.1771186440677966 0.0125 0.04576271186440678
0 0.715625 0.15677966101694915 0.010416666666666666 0.04576271186440678
0 0.7526041666666666 0.14915254237288136 0.007291666666666667 0.030508474576271184
0 0.8388020833333333 0.1542372881355932 0.0078125 0.03389830508474576
0 0.9210937499999999 0.16864406779661018 0.0067708333333333336 0.03220338983050847
0 0.9841145833333333 0.17881355932203388 0.0067708333333333336 0.0288135593220339
1 0.9 0.18389830508474575 0.009375 0.03559322033898305
1 0.9718749999999999 0.19406779661016949 0.010416666666666666 0.03220338983050847
1 0.853125 0.18389830508474575 0.009375 0.03559322033898305
1 0.8328125 0.19576271186440677 0.008333333333333333 0.03898305084745762
1 0.8122395833333333 0.22288135593220337 0.0109375 0.05254237288135593
1 0.8557291666666667 0.3059322033898305 0.021875 0.06949152542372881
1 0.9221354166666667 0.5008474576271186 0.04010416666666666 0.13389830508474576
