1 0.34765625 0.43813559322033896 0.03697916666666667 0.14745762711864407
1 0.5627604166666667 0.21864406779661016 0.018229166666666668 0.06440677966101695
1 0.6356770833333333 0.17033898305084746 0.011979166666666666 0.0423728813559322
1 0.66953125 0.14491525423728813 0.008854166666666666 0.03559322033898305
1 0.7052083333333333 0.13728813559322034 0.00625 0.02711864406779661
1 0.7869791666666667 0.13983050847457626 0.00625 0.022033898305084745
1 0.8651041666666667 0.15084745762711865 0.00625 0.023728813559322035
0 0.9127604166666666 0.17457627118644067 0.0067708333333333336 0.02711864406779661
1 0.9216145833333333 0.15847457627118644 0.0067708333333333336 0.022033898305084745
0 0.84765625 0.16779661016949152 0.0078125 0.02711864406779661
0 0.8036458333333333 0.1694915254237288 0.007291666666666667 0.030508474576271184
0 0.78671875 0.18389830508474575 0.008854166666666666 0.03559322033898305
0 0.8265625 0.3101694915254237 0.01875 0.07457627118644068
0 0.7716145833333333 0.21525423728813559 0.0109375 0.04745762711864407
0 0.9341145833333333 0.5686440677966101 0.04635416666666667 0.16779661016949152
