0 0.2565104166666667 0.559322033898305 0.050520833333333334 0.1966101694915254
0 0.5239583333333333 0.23220338983050848 0.022916666666666665 0.07796610169491525
0 0.6010416666666667 0.17457627118644067 0.0125 0.04745762711864407
0 0.6346354166666667 0.1440677966101695 0.009895833333333333 0.04406779661016949
0 0.6692708333333334 0.13644067796610168 0.008333333333333333 0.03220338983050847
0 0.7494791666666667 0.1330508474576271 0.007291666666666667 0.0288135593220339
0 0.8252604166666666 0.14661016949152542 0.0067708333333333336 0.0288135593220339
0 0.8799479166666666 0.15 0.0078125 0.0288135593220339
0 0.9432291666666667 0.16186440677966102 0.007291666666666667 0.0288135593220339
1 0.9718749999999999 0.12542372881355932 0.007291666666666667 0.030508474576271184
1 0.9494791666666667 0.18305084745762712 0.007291666666666667 0.030508474576271184
1 0.87265625 0.1694915254237288 0.008854166666666666 0.03728813559322034
1 0.8109375 0.16271186440677965 0.008333333333333333 0.03728813559322034
1 0.76953125 0.16779661016949152 0.008854166666666666 0.03728813559322034
1 0.7546875 0.18220338983050846 0.011458333333333333 0.0423728813559322
1 0.7432291666666666 0.22033898305084745 0.0125 0.05423728813559322
1 0.81015625 0.3228813559322034 0.021354166666666667 0.08305084745762711
1 0.9682291666666667 0.6711864406779661 0.057291666666666664 0.19322033898305085
