0 0.10130208333333333 0.8203389830508474 0.09322916666666667 0.29491525423728815
0 0.503125 0.2576271186440678 0.02395833333333333 0.0847457627118644
0 0.5872395833333334 0.17966101694915254 0.01614583333333333 0.0576271186440678
0 0.6208333333333333 0.14152542372881355 0.010416666666666666 0.04576271186440678
0 0.6572916666666666 0.13050847457627118 0.008333333333333333 0.03728813559322034
0 0.7369791666666666 0.1271186440677966 0.008333333333333333 0.03728813559322034
0 0.81328125 0.13559322033898305 0.0067708333333333336 0.03389830508474576
0 0.8664062499999999 0.13728813559322034 0.0067708333333333336 0.02711864406779661
0 0.93046875 0.14915254237288136 0.0067708333333333336 0.030508474576271184
1 0.95703125 0.11186440677966102 0.009895833333333333 0.03389830508474576
1 0.9393229166666667 0.1694915254237288 0.0067708333333333336 0.03389830508474576
1 0.86328125 0.15932203389830507 0.005729166666666666 0.030508474576271184
1 0.8015625 0.1542372881355932 0.009375 0.03389830508474576
1 0.7604166666666666 0.15932203389830507 0.011458333333333333 0.04406779661016949
1 0.74765625 0.1754237288135593 0.013020833333333334 0.0423728813559322
1 0.73984375 0.22288135593220337 0.011979166666666666 0.04915254237288135
1 0.8286458333333333 0.3525423728813559 0.02395833333333333 0.0983050847457627
