0 0.38307291666666665 0.3330508474576271 0.03177083333333333 0.1135593220338983
0 0.4953125 0.19491525423728814 0.015625 0.06101694915254237
0 0.5317708333333333 0.1440677966101695 0.011458333333333333 0.05423728813559322
0 0.5692708333333333 0.1271186440677966 0.011458333333333333 0.04406779661016949
0 0.6484375 0.1152542372881356 0.008333333333333333 0.030508474576271184
0 0.72109375 0.12118644067796609 0.0067708333333333336 0.03220338983050847
0 0.7697916666666667 0.11779661016949153 0.005208333333333333 0.02542372881355932
0 0.82890625 0.1330508474576271 0.005729166666666666 0.03559322033898305
0 0.9125 0.15338983050847457 0.007291666666666667 0.0288135593220339
0 0.98515625 0.1711864406779661 0.0078125 0.04067796610169491
1 0.8450520833333334 0.09491525423728814 0.0067708333333333336 0.03389830508474576
1 0.9322916666666666 0.17457627118644067 0.010416666666666666 0.03728813559322034
1 0.840625 0.15508474576271186 0.007291666666666667 0.03898305084745762
1 0.771875 0.14576271186440679 0.009375 0.030508474576271184
1 0.7135416666666666 0.14322033898305084 0.007291666666666667 0.03898305084745762
1 0.678125 0.15254237288135591 0.008333333333333333 0.04067796610169491
1 0.66953125 0.17966101694915254 0.011979166666666666 0.04745762711864407
1 0.6716145833333333 0.2347457627118644 0.015104166666666667 0.06610169491525424
1 0.8065104166666667 0.4279661016949152 0.03177083333333333 0.1271186440677966
