0 0.32057291666666665 0.3898305084745763 0.034895833333333334 0.1423728813559322
0 0.45677083333333335 0.2076271186440678 0.016666666666666666 0.06610169491525424
0 0.49583333333333335 0.14745762711864407 0.0125 0.05423728813559322
0 0.5346354166666667 0.12627118644067797 0.0067708333333333336 0.0423728813559322
0 0.6161458333333333 0.1135593220338983 0.007291666666666667 0.03389830508474576
0 0.6895833333333333 0.1135593220338983 0.007291666666666667 0.030508474576271184
0 0.7377604166666667 0.11864406779661017 0.0067708333333333336 0.030508474576271184
0 0.7940104166666666 0.12542372881355932 0.008854166666666666 0.03728813559322034
0 0.87578125 0.14576271186440679 0.0067708333333333336 0.030508474576271184
0 0.9471354166666667 0.1652542372881356 0.008854166666666666 0.03898305084745762
1 0.8091145833333333 0.08898305084745763 0.0067708333333333336 0.0288135593220339
1 0.8966145833333333 0.16864406779661018 0.008854166666666666 0.03898305084745762
1 0.8091145833333333 0.48983050847457626 0.03697916666666667 0.13898305084745763
1 0.8080729166666667 0.14661016949152542 0.0067708333333333336 0.0288135593220339
1 0.7411458333333333 0.14067796610169492 0.005208333333333333 0.03728813559322034
1 0.6830729166666667 0.1440677966101695 0.0067708333333333336 0.04067796610169491
1 0.64765625 0.15169491525423728 0.009895833333333333 0.03898305084745762
1 0.6408854166666667 0.17966101694915254 0.015104166666666667 0.05084745762711864
1 0.646875 0.25084745762711863 0.015625 0.0711864406779661
