0 0.25625 0.473728813559322 0.046875 0.16440677966101694
0 0.4276041666666667 0.22203389830508474 0.019791666666666666 0.07457627118644068
0 0.4747395833333333 0.15 0.015104166666666667 0.059322033898305086
0 0.5151041666666667 0.12542372881355932 0.009375 0.04067796610169491
0 0.5994791666666667 0.11186440677966102 0.007291666666666667 0.03389830508474576
0 0.67421875 0.11186440677966102 0.0078125 0.02711864406779661
0 0.72265625 0.11440677966101695 0.0078125 0.03220338983050847
0 0.7802083333333333 0.12118644067796609 0.00625 0.0288135593220339
0 0.8622395833333333 0.14491525423728813 0.0078125 0.03559322033898305
0 0.9322916666666666 0.16016949152542373 0.009375 0.03559322033898305
1 0.9911458333333333 0.20508474576271185 0.008333333333333333 0.03728813559322034
1 0.8463541666666666 0.5771186440677966 0.04583333333333333 0.16779661016949152
1 0.88359375 0.1694915254237288 0.009895833333333333 0.03728813559322034
1 0.7955729166666666 0.14745762711864407 0.008854166666666666 0.04406779661016949
1 0.7268229166666667 0.14067796610169492 0.0078125 0.030508474576271184
1 0.6690104166666666 0.1423728813559322 0.0067708333333333336 0.03389830508474576
1 0.6333333333333333 0.15508474576271186 0.009375 0.03898305084745762
1 0.6276041666666666 0.18898305084745762 0.010416666666666666 0.04915254237288135
1 0.6375 0.2661016949152542 0.015625 0.08135593220338982
