0 0.36015625 0.2788135593220339 0.027604166666666666 0.09999999999999999
0 0.42916666666666664 0.1711864406779661 0.01875 0.06101694915254237
0 0.47994791666666664 0.13220338983050847 0.0140625 0.04067796610169491
0 0.5744791666666667 0.11186440677966102 0.008333333333333333 0.03728813559322034
0 0.6528645833333333 0.11271186440677966 0.009895833333333333 0.03220338983050847
0 0.7028645833333333 0.11101694915254237 0.0067708333333333336 0.03559322033898305
0 0.7630208333333334 0.12203389830508474 0.008333333333333333 0.030508474576271184
0 0.8481770833333333 0.14322033898305084 0.0067708333333333336 0.0288135593220339
0 0.9213541666666667 0.1652542372881356 0.009375 0.03220338983050847
1 0.9940104166666667 0.21016949152542372 0.009895833333333333 0.04406779661016949
1 0.87734375 0.1694915254237288 0.0067708333333333336 0.03389830508474576
1 0.7825520833333334 0.14661016949152542 0.0078125 0.03220338983050847
1 0.7114583333333333 0.14067796610169492 0.007291666666666667 0.030508474576271184
1 0.6510416666666666 0.14576271186440679 0.009375 0.03728813559322034
1 0.6388020833333333 0.3423728813559322 0.025520833333333333 0.10847457627118644
1 0.6135416666666667 0.211864406779661 0.014583333333333334 0.0576271186440678
1 0.6153645833333333 0.16016949152542373 0.008854166666666666 0.04576271186440678
