0 0.3286458333333333 0.3288135593220339 0.03125 0.1152542372881356
0 0.4158854166666667 0.1864406779661017 0.01614583333333333 0.06440677966101695
0 0.47291666666666665 0.14067796610169492 0.010416666666666666 0.04067796610169491
0 0.5703125 0.11694915254237288 0.007291666666666667 0.03728813559322034
0 0.653125 0.11779661016949153 0.008333333333333333 0.03559322033898305
0 0.7052083333333333 0.12118644067796609 0.008333333333333333 0.0288135593220339
0 0.7666666666666666 0.12966101694915255 0.005208333333333333 0.03220338983050847
0 0.8549479166666667 0.15169491525423728 0.0067708333333333336 0.03220338983050847
0 0.9322916666666666 0.17288135593220338 0.008333333333333333 0.03389830508474576
1 0.8898437499999999 0.1847457627118644 0.008854166666666666 0.03728813559322034
1 0.7903645833333334 0.15762711864406778 0.008854166666666666 0.03389830508474576
1 0.7153645833333333 0.15 0.008854166666666666 0.03559322033898305
1 0.65390625 0.15338983050847457 0.0078125 0.03559322033898305
1 0.61796875 0.17796610169491525 0.011979166666666666 0.04745762711864407
1 0.6572916666666666 0.4076271186440678 0.027083333333333334 0.12372881355932203
1 0.6177083333333333 0.23135593220338982 0.014583333333333334 0.059322033898305086
