0 0.30052083333333335 0.3864406779661017 0.035416666666666666 0.13559322033898305
0 0.4125 0.19999999999999998 0.015625 0.0711864406779661
0 0.47578125 0.14915254237288136 0.013020833333333334 0.05084745762711864
0 0.5794270833333334 0.11864406779661017 0.009895833333333333 0.04067796610169491
0 0.6645833333333333 0.11779661016949153 0.011458333333333333 0.03559322033898305
0 0.71875 0.12203389830508474 0.007291666666666667 0.030508474576271184
0 0.7817708333333333 0.1313559322033898 0.008333333333333333 0.03559322033898305
0 0.8744791666666667 0.15762711864406778 0.008333333333333333 0.03389830508474576
0 0.9580729166666666 0.17966101694915254 0.0078125 0.04067796610169491
1 0.9151041666666666 0.18728813559322033 0.008333333333333333 0.03559322033898305
1 0.8083333333333333 0.16440677966101694 0.007291666666666667 0.03389830508474576
1 0.73125 0.15338983050847457 0.008333333333333333 0.03898305084745762
1 0.69375 0.48389830508474574 0.03854166666666667 0.1542372881355932
1 0.6333333333333333 0.25084745762711863 0.015625 0.06779661016949153
1 0.6302083333333334 0.1847457627118644 0.0125 0.04745762711864407
1 0.6661458333333333 0.15677966101694915 0.008333333333333333 0.03898305084745762
