0 0.2604166666666667 0.4822033898305085 0.04375 0.16440677966101694
0 0.40859375 0.22288135593220337 0.0234375 0.07966101694915254
0 0.4796875 0.1635593220338983 0.011458333333333333 0.04915254237288135
0 0.58828125 0.1347457627118644 0.0078125 0.03559322033898305
0 0.6778645833333333 0.1330508474576271 0.008854166666666666 0.03559322033898305
0 0.7338541666666667 0.13389830508474576 0.008333333333333333 0.030508474576271184
0 0.80078125 0.14491525423728813 0.0078125 0.03220338983050847
0 0.8984375 0.17203389830508475 0.008333333333333333 0.0423728813559322
0 0.9888020833333333 0.19999999999999998 0.008854166666666666 0.04067796610169491
1 0.94609375 0.20847457627118643 0.0109375 0.03728813559322034
1 0.8315104166666667 0.17796610169491525 0.008854166666666666 0.03728813559322034
1 0.7494791666666667 0.1711864406779661 0.010416666666666666 0.04406779661016949
1 0.6817708333333333 0.17372881355932202 0.009375 0.03898305084745762
1 0.6450520833333333 0.21016949152542372 0.015104166666666667 0.0576271186440678
1 0.7489583333333333 0.6279661016949153 0.04895833333333333 0.19152542372881357
1 0.6549479166666666 0.2864406779661017 0.022395833333333334 0.08135593220338982
