1 0.34739583333333335 0.2923728813559322 0.03229166666666666 0.12033898305084745
1 0.45 0.18559322033898304 0.019791666666666666 0.06610169491525424
1 0.5778645833333333 0.13813559322033897 0.015104166666666667 0.04576271186440678
1 0.67421875 0.1330508474576271 0.013020833333333334 0.0423728813559322
1 0.7348958333333333 0.13644067796610168 0.013541666666666667 0.03898305084745762
1 0.8036458333333333 0.14661016949152542 0.011458333333333333 0.03898305084745762
1 0.9111979166666666 0.17288135593220338 0.0140625 0.04067796610169491
0 0.975 0.2177966101694915 0.017708333333333333 0.04915254237288135
0 0.8471354166666667 0.1864406779661017 0.0140625 0.04406779661016949
0 0.75859375 0.1771186440677966 0.01614583333333333 0.04576271186440678
0 0.6861979166666666 0.1864406779661017 0.01614583333333333 0.05423728813559322
0 0.653125 0.24406779661016947 0.020833333333333332 0.0711864406779661
0 0.68359375 0.37796610169491524 0.0359375 0.11864406779661017
