0 0.31614583333333335 0.34576271186440677 0.034375 0.1288135593220339
0 0.44088541666666664 0.20847457627118643 0.019270833333333334 0.06440677966101695
0 0.5783854166666667 0.15169491525423728 0.008854166666666666 0.03898305084745762
0 0.67890625 0.14491525423728813 0.0109375 0.0423728813559322
0 0.7395833333333334 0.1483050847457627 0.008333333333333333 0.03220338983050847
0 0.8138020833333334 0.15932203389830507 0.0067708333333333336 0.02711864406779661
0 0.9247395833333333 0.18983050847457628 0.009895833333333333 0.04067796610169491
1 0.9963541666666667 0.2364406779661017 0.007291666666666667 0.04576271186440678
1 0.8619791666666666 0.20423728813559322 0.009375 0.0423728813559322
1 0.7684895833333333 0.19406779661016949 0.0140625 0.04576271186440678
1 0.6966145833333334 0.20847457627118643 0.015104166666666667 0.05423728813559322
1 0.66640625 0.2754237288135593 0.0234375 0.06949152542372881
1 0.71015625 0.4491525423728813 0.0359375 0.13220338983050847
