1 0.2625 0.41694915254237286 0.04479166666666667 0.1694915254237288
1 0.4236979166666667 0.22118644067796608 0.0234375 0.07288135593220339
1 0.5736979166666667 0.15254237288135591 0.015104166666666667 0.05423728813559322
1 0.67890625 0.14745762711864407 0.015104166666666667 0.04406779661016949
1 0.7424479166666667 0.14745762711864407 0.0140625 0.04067796610169491
1 0.81640625 0.15847457627118644 0.013020833333333334 0.0423728813559322
1 0.9328124999999999 0.18559322033898304 0.013541666666666667 0.04576271186440678
0 0.8721354166666666 0.2076271186440678 0.0140625 0.04915254237288135
0 0.7765625 0.1966101694915254 0.016666666666666666 0.05084745762711864
0 0.7002604166666666 0.2135593220338983 0.018229166666666668 0.06101694915254237
0 0.6736979166666667 0.2983050847457627 0.024479166666666666 0.08813559322033898
0 0.7463541666666667 0.5491525423728814 0.04791666666666666 0.1694915254237288
