0 0.19140625 0.5330508474576271 0.059895833333333336 0.20847457627118643
0 0.41041666666666665 0.24745762711864405 0.025 0.09152542372881356
0 0.5760416666666667 0.1652542372881356 0.013541666666666667 0.05254237288135593
0 0.6895833333333333 0.15508474576271186 0.010416666666666666 0.04576271186440678
0 0.753125 0.15508474576271186 0.008333333333333333 0.03559322033898305
0 0.8315104166666667 0.16271186440677965 0.008854166666666666 0.04067796610169491
0 0.9559895833333333 0.19406779661016949 0.009895833333333333 0.03898305084745762
1 0.8971354166666666 0.21694915254237288 0.0140625 0.04745762711864407
1 0.7947916666666667 0.211864406779661 0.013541666666666667 0.04745762711864407
1 0.7184895833333333 0.23135593220338982 0.018229166666666668 0.05593220338983051
1 0.6971354166666667 0.34152542372881356 0.028645833333333332 0.09322033898305085
1 0.81796875 0.7254237288135593 0.06302083333333333 0.21694915254237288
