1 0.07473958333333333 0.7415254237288136 0.08489583333333334 0.2966101694915254
1 0.3989583333333333 0.27796610169491526 0.029166666666666667 0.10169491525423728
1 0.584375 0.16779661016949152 0.015625 0.0576271186440678
1 0.7020833333333333 0.15762711864406778 0.014583333333333334 0.05084745762711864
1 0.7697916666666667 0.15508474576271186 0.0125 0.0423728813559322
1 0.8513020833333333 0.16610169491525423 0.013020833333333334 0.04406779661016949
1 0.9856770833333334 0.20169491525423727 0.01614583333333333 0.04406779661016949
0 0.9291666666666667 0.23135593220338982 0.017708333333333333 0.05593220338983051
0 0.8221354166666667 0.22372881355932203 0.021354166666666667 0.0576271186440678
0 0.7393229166666666 0.25084745762711863 0.0203125 0.0711864406779661
0 0.7296875 0.3949152542372881 0.035416666666666666 0.11864406779661017
