0 0.84453125 0.6830508474576271 0.06302083333333333 0.2135593220338983
0 0.7640625 0.31525423728813556 0.02395833333333333 0.09152542372881356
0 0.8427083333333333 0.2542372881355932 0.021875 0.07457627118644068
0 0.9572916666666667 0.25254237288135595 0.020833333333333332 0.06779661016949153
1 0.98984375 0.20508474576271185 0.0171875 0.05084745762711864
1 0.8447916666666666 0.1711864406779661 0.014583333333333334 0.04745762711864407
1 0.7588541666666666 0.16271186440677965 0.014583333333333334 0.04745762711864407
1 0.6861979166666666 0.17203389830508475 0.0171875 0.059322033898305086
1 0.55390625 0.1983050847457627 0.021354166666666667 0.06779661016949153
1 0.27057291666666666 0.4601694915254237 0.0484375 0.16440677966101694
