1 0.18932291666666667 0.5771186440677966 0.0609375 0.211864406779661
1 0.53671875 0.21101694915254238 0.021354166666666667 0.07627118644067796
1 0.67734375 0.1771186440677966 0.01614583333333333 0.05593220338983051
1 0.7505208333333333 0.1669491525423729 0.014583333333333334 0.05254237288135593
1 0.8380208333333333 0.1711864406779661 0.015625 0.04745762711864407
1 0.9859375 0.20423728813559322 0.017708333333333333 0.04915254237288135
0 0.9609375 0.2593220338983051 0.020833333333333332 0.06440677966101695
0 0.8450520833333334 0.2652542372881356 0.022395833333333334 0.06949152542372881
0 0.7708333333333334 0.33983050847457624 0.02395833333333333 0.09661016949152543
0 0.915625 0.8652542372881356 0.08854166666666667 0.2661016949152542
