0 0.20338541666666665 0.7652542372881356 0.059895833333333336 0.21525423728813559
0 0.5557291666666666 0.3864406779661017 0.03229166666666666 0.12542372881355932
0 0.6890625 0.2576271186440678 0.019791666666666666 0.0711864406779661
0 0.740625 0.21016949152542372 0.014583333333333334 0.05084745762711864
0 0.7994791666666666 0.18305084745762712 0.011458333333333333 0.04067796610169491
0 0.834375 0.16864406779661018 0.010416666666666666 0.03559322033898305
0 0.9057291666666667 0.16864406779661018 0.010416666666666666 0.03220338983050847
1 0.96171875 0.20508474576271185 0.0109375 0.03728813559322034
1 0.95 0.22796610169491524 0.013541666666666667 0.0423728813559322
1 0.9473958333333333 0.2788135593220339 0.019791666666666666 0.059322033898305086
1 0.96953125 0.3754237288135593 0.0265625 0.08983050847457627
