0 0.49895833333333334 0.44661016949152543 0.036458333333333336 0.14745762711864407
0 0.6424479166666667 0.2669491525423729 0.021354166666666667 0.07627118644067796
0 0.69140625 0.2076271186440678 0.015104166666666667 0.05254237288135593
0 0.7466145833333333 0.17457627118644067 0.011979166666666666 0.04067796610169491
0 0.7783854166666666 0.15677966101694915 0.009895833333333333 0.03559322033898305
0 0.8440104166666667 0.1542372881355932 0.008854166666666666 0.030508474576271184
0 0.9416666666666667 0.16016949152542373 0.008333333333333333 0.0288135593220339
1 0.934375 0.18050847457627117 0.010416666666666666 0.03220338983050847
1 0.8916666666666666 0.21525423728813559 0.0125 0.04406779661016949
1 0.8989583333333333 0.1906779661016949 0.007291666666666667 0.03559322033898305
1 0.8971354166666666 0.27033898305084747 0.019270833333333334 0.059322033898305086
1 0.9328124999999999 0.37966101694915255 0.027083333333333334 0.09491525423728814
