0 0.4083333333333333 0.5440677966101695 0.046875 0.1864406779661017
0 0.5747395833333333 0.27627118644067794 0.022395833333333334 0.08135593220338982
0 0.6234375 0.20169491525423727 0.015625 0.0576271186440678
0 0.6752604166666667 0.16271186440677965 0.011979166666666666 0.04067796610169491
0 0.7052083333333333 0.1423728813559322 0.009375 0.03389830508474576
0 0.765625 0.13644067796610168 0.007291666666666667 0.0288135593220339
0 0.8526041666666666 0.14067796610169492 0.005208333333333333 0.02711864406779661
1 0.8486979166666666 0.16101694915254236 0.008854166666666666 0.030508474576271184
1 0.8184895833333333 0.17203389830508475 0.008854166666666666 0.03559322033898305
1 0.8161458333333333 0.19999999999999998 0.0125 0.04406779661016949
1 0.8276041666666667 0.2584745762711864 0.017708333333333333 0.06271186440677966
1 0.8768229166666667 0.3813559322033898 0.028645833333333332 0.0983050847457627
