0 0.28229166666666666 0.7389830508474576 0.0625 0.26101694915254237
0 0.50859375 0.29491525423728815 0.025520833333333333 0.09491525423728814
0 0.56015625 0.19915254237288135 0.01614583333333333 0.059322033898305086
0 0.6125 0.15169491525423728 0.011458333333333333 0.0423728813559322
0 0.6411458333333333 0.12966101694915255 0.009375 0.03559322033898305
0 0.6994791666666667 0.1194915254237288 0.007291666666666667 0.0288135593220339
0 0.7802083333333333 0.1194915254237288 0.00625 0.02542372881355932
0 0.8505208333333333 0.12796610169491526 0.007291666666666667 0.02542372881355932
1 0.7799479166666666 0.14322033898305084 0.0078125 0.0288135593220339
1 0.8536458333333333 0.14491525423728813 0.007291666666666667 0.0288135593220339
1 0.753125 0.1559322033898305 0.009375 0.03389830508474576
1 0.753125 0.1847457627118644 0.010416666666666666 0.04406779661016949
1 0.771875 0.25169491525423726 0.017708333333333333 0.06271186440677966
1 0.83828125 0.3974576271186441 0.0296875 0.10677966101694915
1 0.921875 0.15084745762711865 0.008333333333333333 0.02711864406779661
0 0.9575520833333333 0.1440677966101695 0.0078125 0.023728813559322035
