0 0.4497395833333333 0.33728813559322035 0.0296875 0.11186440677966102
0 0.5098958333333333 0.20677966101694914 0.017708333333333333 0.06440677966101695
0 0.565625 0.15084745762711865 0.0125 0.04406779661016949
0 0.5934895833333333 0.12372881355932203 0.008854166666666666 0.03389830508474576
0 0.6526041666666667 0.11186440677966102 0.008333333333333333 0.030508474576271184
0 0.73125 0.11016949152542373 0.00625 0.023728813559322035
0 0.7979166666666666 0.11610169491525424 0.005208333333333333 0.02542372881355932
0 0.8971354166666666 0.1313559322033898 0.0078125 0.02542372881355932
1 0.8664062499999999 0.13898305084745763 0.008854166666666666 0.02711864406779661
1 0.8039062499999999 0.13389830508474576 0.0078125 0.02711864406779661
1 0.7333333333333333 0.1347457627118644 0.009375 0.03220338983050847
1 0.7078125 0.14915254237288136 0.009375 0.03728813559322034
1 0.7111979166666667 0.18135593220338983 0.011979166666666666 0.04745762711864407
1 0.7375 0.25677966101694916 0.01875 0.06949152542372881
1 0.8283854166666667 0.4406779661016949 0.0359375 0.12203389830508474
