0 0.37578125 0.40423728813559323 0.03697916666666667 0.14067796610169492
0 0.45416666666666666 0.22288135593220337 0.019791666666666666 0.07288135593220339
0 0.5151041666666667 0.15254237288135591 0.0125 0.04745762711864407
0 0.5442708333333334 0.12033898305084745 0.010416666666666666 0.03728813559322034
0 0.6044270833333333 0.10762711864406779 0.0078125 0.0288135593220339
0 0.6828125 0.10423728813559321 0.00625 0.02542372881355932
0 0.74765625 0.10847457627118644 0.0067708333333333336 0.02711864406779661
0 0.84140625 0.12118644067796609 0.005729166666666666 0.022033898305084745
0 0.94375 0.14152542372881355 0.007291666666666667 0.02542372881355932
1 0.9497395833333333 0.1559322033898305 0.0078125 0.02711864406779661
1 0.8145833333333333 0.13220338983050847 0.009375 0.02711864406779661
1 0.7549479166666666 0.12627118644067797 0.0078125 0.0288135593220339
1 0.68671875 0.12796610169491526 0.009895833333333333 0.03220338983050847
1 0.66328125 0.14576271186440679 0.009895833333333333 0.03728813559322034
1 0.6692708333333334 0.18135593220338983 0.013541666666666667 0.04745762711864407
1 0.7036458333333333 0.2711864406779661 0.019791666666666666 0.07457627118644068
1 0.8294270833333334 0.5135593220338983 0.04114583333333333 0.14576271186440679
