0 0.2872395833333333 0.5228813559322034 0.049479166666666664 0.18135593220338983
0 0.40234375 0.24745762711864405 0.0234375 0.08135593220338982
0 0.4739583333333333 0.15762711864406778 0.013541666666666667 0.05084745762711864
0 0.5059895833333333 0.12118644067796609 0.0109375 0.03898305084745762
0 0.5674479166666666 0.10423728813559321 0.008854166666666666 0.03220338983050847
0 0.64765625 0.09745762711864407 0.005729166666666666 0.02542372881355932
0 0.7119791666666666 0.09999999999999999 0.00625 0.023728813559322035
0 0.8041666666666667 0.11271186440677966 0.005208333333333333 0.022033898305084745
0 0.9020833333333333 0.1313559322033898 0.00625 0.02542372881355932
1 0.9098958333333333 0.14576271186440679 0.007291666666666667 0.02711864406779661
1 0.7796875 0.12372881355932203 0.007291666666666667 0.02711864406779661
1 0.7213541666666666 0.12118644067796609 0.008333333333333333 0.0288135593220339
1 0.6536458333333334 0.12542372881355932 0.009375 0.03389830508474576
1 0.6302083333333334 0.14491525423728813 0.009375 0.03898305084745762
1 0.6388020833333333 0.18559322033898304 0.013020833333333334 0.05254237288135593
1 0.68359375 0.29406779661016946 0.021354166666666667 0.08644067796610169
1 0.8619791666666666 0.6305084745762711 0.05520833333333333 0.18305084745762712
