0 0.1359375 0.7788135593220339 0.075 0.29322033898305083
0 0.5346354166666667 0.38389830508474576 0.030729166666666665 0.12033898305084745
0 0.6859375 0.2584745762711864 0.020833333333333332 0.07288135593220339
0 0.7447916666666666 0.21101694915254238 0.015625 0.05254237288135593
0 0.8075520833333333 0.18559322033898304 0.011979166666666666 0.03898305084745762
0 0.8466145833333333 0.17033898305084746 0.009895833333333333 0.03220338983050847
0 0.9221354166666667 0.1711864406779661 0.008854166666666666 0.030508474576271184
1 0.9778645833333334 0.20847457627118643 0.013020833333333334 0.04067796610169491
1 0.9635416666666666 0.23220338983050848 0.014583333333333334 0.04406779661016949
1 0.9562499999999999 0.28389830508474573 0.020833333333333332 0.06271186440677966
1 0.96953125 0.3805084745762712 0.027604166666666666 0.09322033898305085
