0 0.49583333333333335 0.4313559322033898 0.035416666666666666 0.1440677966101695
0 0.65703125 0.2677966101694915 0.022395833333333334 0.07796610169491525
0 0.7145833333333333 0.21271186440677967 0.017708333333333333 0.05593220338983051
0 0.7755208333333333 0.18389830508474575 0.011458333333333333 0.03898305084745762
0 0.8106770833333333 0.1669491525423729 0.009895833333333333 0.03559322033898305
0 0.8817708333333333 0.16610169491525423 0.008333333333333333 0.030508474576271184
0 0.9893229166666666 0.17372881355932202 0.008854166666666666 0.0288135593220339
1 0.9796874999999999 0.19406779661016949 0.0125 0.03559322033898305
1 0.9375 0.20423728813559322 0.011458333333333333 0.03898305084745762
1 0.9265625 0.22796610169491524 0.013541666666666667 0.04576271186440678
1 0.92578125 0.28389830508474573 0.021354166666666667 0.06271186440677966
1 0.9513020833333333 0.39152542372881355 0.028645833333333332 0.09491525423728814
