0 0.57734375 0.33559322033898303 0.027604166666666666 0.10508474576271186
0 0.7229166666666667 0.23135593220338982 0.01875 0.06271186440677966
0 0.7908854166666667 0.19915254237288135 0.011979166666666666 0.04915254237288135
0 0.8260416666666667 0.17881355932203388 0.009375 0.03898305084745762
0 0.8677083333333333 0.17881355932203388 0.007291666666666667 0.03898305084745762
1 0.9825520833333333 0.3296610169491525 0.0203125 0.07627118644067796
1 0.9338541666666667 0.2542372881355932 0.016666666666666666 0.05084745762711864
1 0.9588541666666667 0.22203389830508474 0.011458333333333333 0.04406779661016949
1 0.9833333333333333 0.21525423728813559 0.008333333333333333 0.04406779661016949
0 0.9661458333333334 0.18728813559322033 0.004166666666666667 0.01864406779661017
