1 0.5169270833333334 0.38220338983050844 0.030729166666666665 0.1271186440677966
1 0.6684895833333333 0.2271186440677966 0.018229166666666668 0.06779661016949153
1 0.7328125 0.18898305084745762 0.015625 0.05593220338983051
1 0.7645833333333333 0.1711864406779661 0.0125 0.04406779661016949
1 0.8026041666666667 0.15762711864406778 0.011458333333333333 0.03728813559322034
0 0.9325520833333333 0.3305084745762712 0.022395833333333334 0.0711864406779661
0 0.8721354166666666 0.23728813559322035 0.011979166666666666 0.04406779661016949
0 0.8890625 0.2076271186440678 0.009375 0.0423728813559322
0 0.9072916666666666 0.19406779661016949 0.009375 0.03559322033898305
0 0.9559895833333333 0.19576271186440677 0.008854166666666666 0.04576271186440678
