1 0.43307291666666664 0.44152542372881354 0.034895833333333334 0.15762711864406778
1 0.6026041666666666 0.2288135593220339 0.019791666666666666 0.06440677966101695
1 0.6653645833333334 0.17881355932203388 0.015104166666666667 0.04915254237288135
1 0.69375 0.15508474576271186 0.010416666666666666 0.04915254237288135
1 0.7276041666666666 0.14576271186440679 0.007291666666666667 0.04406779661016949
1 0.8067708333333333 0.15338983050847457 0.009375 0.03898305084745762
0 0.8697916666666666 0.3220338983050847 0.021875 0.08135593220338982
0 0.8028645833333333 0.22542372881355932 0.013020833333333334 0.04406779661016949
0 0.81484375 0.1923728813559322 0.008854166666666666 0.04915254237288135
0 0.8291666666666666 0.18220338983050846 0.009375 0.0423728813559322
0 0.87109375 0.18305084745762712 0.0078125 0.04406779661016949
0 0.9375 0.18135593220338983 0.008333333333333333 0.03728813559322034
