0 0.4770833333333333 0.26101694915254237 0.026041666666666668 0.0847457627118644
0 0.5463541666666667 0.1771186440677966 0.014583333333333334 0.04915254237288135
0 0.5752604166666666 0.13898305084745763 0.009895833333333333 0.03728813559322034
0 0.6065104166666666 0.12288135593220338 0.008854166666666666 0.0423728813559322
0 0.6815104166666667 0.11610169491525424 0.008854166666666666 0.03559322033898305
1 0.7973958333333333 0.3423728813559322 0.025 0.09152542372881356
1 0.69765625 0.21016949152542372 0.01614583333333333 0.06440677966101695
1 0.6997395833333333 0.16186440677966102 0.0067708333333333336 0.05254237288135593
1 0.7072916666666667 0.14915254237288136 0.00625 0.030508474576271184
1 0.74296875 0.14152542372881355 0.008854166666666666 0.0423728813559322
1 0.7984375 0.14322033898305084 0.00625 0.03220338983050847
0 0.7518229166666667 0.12033898305084745 0.0046875 0.01694915254237288
0 0.8578125 0.13220338983050847 0.004166666666666667 0.020338983050847456
0 0.9408854166666667 0.15254237288135591 0.0046875 0.020338983050847456
1 0.8661458333333333 0.15084745762711865 0.004166666666666667 0.020338983050847456
1 0.9572916666666667 0.17203389830508475 0.005208333333333333 0.022033898305084745
