1 0.4 0.2957627118644068 0.028125 0.10677966101694915
1 0.48515625 0.18050847457627117 0.01614583333333333 0.06271186440677966
1 0.51484375 0.13050847457627118 0.009895833333333333 0.05423728813559322
1 0.5471354166666667 0.11694915254237288 0.008854166666666666 0.04067796610169491
1 0.62265625 0.10508474576271186 0.008854166666666666 0.04067796610169491
1 0.6916666666666667 0.10677966101694915 0.008333333333333333 0.03389830508474576
0 0.76875 0.3694915254237288 0.026041666666666668 0.10847457627118644
0 0.6479166666666667 0.21525423728813559 0.014583333333333334 0.06101694915254237
0 0.6450520833333333 0.16440677966101694 0.009895833333333333 0.05423728813559322
0 0.7411458333333333 0.13050847457627118 0.010416666666666666 0.03728813559322034
0 0.8041666666666667 0.14067796610169492 0.010416666666666666 0.03389830508474576
0 0.8864583333333333 0.1559322033898305 0.007291666666666667 0.03728813559322034
