0 0.3143229166666667 0.35762711864406777 0.034895833333333334 0.12203389830508474
0 0.42473958333333334 0.18983050847457628 0.0171875 0.06779661016949153
0 0.45859374999999997 0.13644067796610168 0.0109375 0.05593220338983051
0 0.4947916666666667 0.11779661016949153 0.009375 0.0423728813559322
0 0.5713541666666666 0.10423728813559321 0.009375 0.03559322033898305
0 0.6411458333333333 0.10169491525423728 0.007291666666666667 0.030508474576271184
0 0.68671875 0.10677966101694915 0.009895833333333333 0.030508474576271184
0 0.7390625 0.1135593220338983 0.00625 0.030508474576271184
0 0.8760416666666666 0.14491525423728813 0.009375 0.03898305084745762
1 0.74609375 0.4144067796610169 0.03177083333333333 0.1271186440677966
1 0.6028645833333334 0.22372881355932203 0.0171875 0.0711864406779661
1 0.59609375 0.16186440677966102 0.0109375 0.0423728813559322
1 0.6364583333333333 0.12542372881355932 0.00625 0.04067796610169491
1 0.7518229166666667 0.1347457627118644 0.008854166666666666 0.03559322033898305
1 0.8315104166666667 0.15084745762711865 0.008854166666666666 0.03389830508474576
0 0.8130208333333333 0.12966101694915255 0.007291666666666667 0.02542372881355932
1 0.9229166666666666 0.17796610169491525 0.009375 0.030508474576271184
0 0.9611979166666667 0.17203389830508475 0.0078125 0.0288135593220339
1 0.6018229166666667 0.13983050847457626 0.0078125 0.03559322033898305
