1 0.24791666666666667 0.40932203389830507 0.040625 0.14745762711864407
1 0.38385416666666666 0.1983050847457627 0.01875 0.07457627118644068
1 0.42265625 0.13898305084745763 0.0109375 0.05423728813559322
1 0.4614583333333333 0.1135593220338983 0.00625 0.03728813559322034
1 0.54140625 0.09999999999999999 0.005729166666666666 0.03728813559322034
1 0.61171875 0.09491525423728814 0.005729166666666666 0.03389830508474576
1 0.6557291666666667 0.09576271186440678 0.004166666666666667 0.022033898305084745
1 0.709375 0.10762711864406779 0.007291666666666667 0.03559322033898305
1 0.8440104166666667 0.13389830508474576 0.008854166666666666 0.04067796610169491
1 0.9263020833333333 0.1635593220338983 0.009895833333333333 0.03559322033898305
0 0.7380208333333333 0.44745762711864406 0.03125 0.14576271186440679
0 0.5744791666666667 0.2305084745762712 0.017708333333333333 0.07796610169491525
0 0.5671875 0.1652542372881356 0.010416666666666666 0.04576271186440678
0 0.57265625 0.13813559322033897 0.008854166666666666 0.03898305084745762
0 0.60703125 0.12033898305084745 0.0067708333333333336 0.03389830508474576
0 0.6604166666666667 0.11779661016949153 0.00625 0.0288135593220339
0 0.8018229166666666 0.14152542372881355 0.005729166666666666 0.03220338983050847
0 0.7223958333333333 0.12542372881355932 0.007291666666666667 0.02711864406779661
0 0.890625 0.16779661016949152 0.009375 0.03389830508474576
