0 0.22552083333333334 0.44322033898305085 0.04375 0.15762711864406778
0 0.37994791666666666 0.2093220338983051 0.021354166666666667 0.07627118644067796
0 0.42265625 0.1423728813559322 0.013020833333333334 0.05423728813559322
0 0.46171875 0.11610169491525424 0.008854166666666666 0.03898305084745762
0 0.5434895833333333 0.10338983050847457 0.0067708333333333336 0.03728813559322034
0 0.6151041666666667 0.10169491525423728 0.007291666666666667 0.030508474576271184
0 0.6604166666666667 0.09915254237288135 0.00625 0.0288135593220339
0 0.7151041666666667 0.10847457627118644 0.007291666666666667 0.03389830508474576
0 0.8507812499999999 0.13898305084745763 0.009895833333333333 0.03728813559322034
1 0.759375 0.4957627118644068 0.035416666666666666 0.14745762711864407
1 0.5796875 0.23983050847457626 0.017708333333333333 0.07966101694915254
1 0.5697916666666667 0.16440677966101694 0.009375 0.05084745762711864
1 0.7263020833333333 0.12288135593220338 0.005729166666666666 0.03559322033898305
1 0.8065104166666667 0.14576271186440679 0.0067708333333333336 0.03728813559322034
0 0.78828125 0.12203389830508474 0.0046875 0.020338983050847456
1 0.9005208333333333 0.17372881355932202 0.007291666666666667 0.03220338983050847
0 0.9356770833333333 0.16610169491525423 0.005729166666666666 0.020338983050847456
