1 0.45026041666666666 0.4940677966101695 0.0390625 0.15084745762711865
1 0.63046875 0.27627118644067794 0.022395833333333334 0.07796610169491525
1 0.68671875 0.21016949152542372 0.0140625 0.05423728813559322
1 0.7450520833333333 0.1754237288135593 0.0109375 0.0423728813559322
1 0.7794270833333333 0.15508474576271186 0.008854166666666666 0.03559322033898305
1 0.8471354166666667 0.15254237288135591 0.008854166666666666 0.03389830508474576
1 0.9481770833333333 0.15677966101694915 0.0078125 0.03220338983050847
0 0.94140625 0.18050847457627117 0.0109375 0.03559322033898305
0 0.9036458333333334 0.19152542372881357 0.010416666666666666 0.04067796610169491
0 0.8963541666666667 0.21864406779661016 0.0125 0.04406779661016949
0 0.9033854166666666 0.27796610169491526 0.018229166666666668 0.06101694915254237
0 0.9442708333333333 0.40423728813559323 0.030208333333333334 0.09661016949152543
