0 0.17760416666666667 0.523728813559322 0.052083333333333336 0.17627118644067796
0 0.37395833333333334 0.22203389830508474 0.020833333333333332 0.08135593220338982
0 0.42083333333333334 0.15169491525423728 0.0125 0.05254237288135593
0 0.46328125 0.1194915254237288 0.009895833333333333 0.0423728813559322
0 0.5473958333333333 0.10169491525423728 0.008333333333333333 0.030508474576271184
0 0.6203125 0.10423728813559321 0.007291666666666667 0.03559322033898305
0 0.6671875 0.10084745762711864 0.008333333333333333 0.03220338983050847
0 0.721875 0.10762711864406779 0.00625 0.03559322033898305
0 0.8624999999999999 0.1440677966101695 0.008333333333333333 0.030508474576271184
0 0.9520833333333333 0.1711864406779661 0.010416666666666666 0.03728813559322034
1 0.8039062499999999 0.5779661016949152 0.0453125 0.17627118644067796
1 0.5877604166666667 0.26101694915254237 0.0171875 0.08135593220338982
1 0.5752604166666666 0.1754237288135593 0.011979166666666666 0.04915254237288135
1 0.5809895833333333 0.14067796610169492 0.009895833333333333 0.03728813559322034
1 0.7361979166666667 0.12966101694915255 0.0078125 0.03220338983050847
1 0.8197916666666667 0.15084745762711865 0.007291666666666667 0.03728813559322034
0 0.7979166666666666 0.12457627118644067 0.005208333333333333 0.02542372881355932
1 0.9161458333333333 0.17796610169491525 0.00625 0.030508474576271184
1 0.6158854166666666 0.12966101694915255 0.0046875 0.022033898305084745
1 0.6713541666666667 0.12457627118644067 0.007291666666666667 0.022033898305084745
