0 0.062239583333333334 0.7177966101694915 0.0765625 0.2694915254237288
0 0.35963541666666665 0.2542372881355932 0.0234375 0.0847457627118644
0 0.41744791666666664 0.15932203389830507 0.013020833333333334 0.06101694915254237
0 0.46458333333333335 0.12796610169491526 0.011458333333333333 0.04576271186440678
0 0.5520833333333334 0.10847457627118644 0.008333333333333333 0.03389830508474576
0 0.628125 0.10932203389830508 0.008333333333333333 0.03898305084745762
0 0.6765625 0.11186440677966102 0.007291666666666667 0.02711864406779661
0 0.8799479166666666 0.15338983050847457 0.009895833333333333 0.0423728813559322
0 0.9760416666666667 0.18220338983050846 0.010416666666666666 0.03898305084745762
0 0.7325520833333333 0.12033898305084745 0.0078125 0.03728813559322034
0 0.8122395833333333 0.13389830508474576 0.0078125 0.03389830508474576
1 0.90625 0.7847457627118644 0.06979166666666667 0.24745762711864405
1 0.6013020833333333 0.29745762711864404 0.0203125 0.09661016949152543
1 0.5859375 0.18983050847457628 0.016666666666666666 0.06101694915254237
1 0.5890625 0.15762711864406778 0.007291666666666667 0.04745762711864407
1 0.6247395833333333 0.13813559322033897 0.0078125 0.0423728813559322
1 0.6817708333333333 0.13050847457627118 0.009375 0.04067796610169491
1 0.75 0.14152542372881355 0.008333333333333333 0.03220338983050847
1 0.8385416666666666 0.16186440677966102 0.007291666666666667 0.0288135593220339
1 0.9427083333333334 0.19745762711864406 0.010416666666666666 0.0423728813559322
