0 0.3359375 0.28220338983050847 0.022916666666666665 0.09322033898305085
0 0.4067708333333333 0.17372881355932202 0.014583333333333334 0.06610169491525424
0 0.4591145833333333 0.13220338983050847 0.0109375 0.05423728813559322
0 0.5518229166666666 0.11271186440677966 0.0067708333333333336 0.03898305084745762
0 0.6302083333333334 0.10847457627118644 0.008333333333333333 0.03389830508474576
0 0.6802083333333333 0.10677966101694915 0.007291666666666667 0.02711864406779661
0 0.7390625 0.11779661016949153 0.009375 0.03220338983050847
0 0.8216145833333334 0.13728813559322034 0.0078125 0.030508474576271184
0 0.8921875 0.15508474576271186 0.008333333333333333 0.0423728813559322
1 0.6114583333333333 0.3338983050847458 0.026041666666666668 0.11864406779661017
1 0.5893229166666667 0.20508474576271185 0.011979166666666666 0.06101694915254237
1 0.5919270833333333 0.1542372881355932 0.008854166666666666 0.04406779661016949
1 0.6286458333333333 0.13813559322033897 0.011458333333333333 0.0423728813559322
1 0.6888020833333334 0.13728813559322034 0.008854166666666666 0.04067796610169491
1 0.7578125 0.1440677966101695 0.009375 0.03728813559322034
1 0.8507812499999999 0.1669491525423729 0.009895833333333333 0.0423728813559322
1 0.9614583333333333 0.19322033898305085 0.007291666666666667 0.03389830508474576
