0 0.29010416666666666 0.33220338983050846 0.03125 0.12203389830508474
1 0.6197916666666666 0.3966101694915254 0.028125 0.1288135593220339
0 0.38515625 0.18220338983050846 0.0171875 0.06610169491525424
0 0.4432291666666667 0.14067796610169492 0.011458333333333333 0.04406779661016949
0 0.54296875 0.11440677966101695 0.008854166666666666 0.03220338983050847
0 0.6252604166666667 0.10932203389830508 0.0067708333333333336 0.0288135593220339
0 0.6752604166666667 0.11440677966101695 0.005729166666666666 0.02542372881355932
0 0.7356770833333334 0.12118644067796609 0.0067708333333333336 0.0288135593220339
0 0.82109375 0.14491525423728813 0.0078125 0.0288135593220339
0 0.89453125 0.16101694915254236 0.0078125 0.03728813559322034
1 0.58515625 0.22457627118644066 0.0171875 0.06271186440677966
1 0.5864583333333333 0.17033898305084746 0.014583333333333334 0.04576271186440678
1 0.6234375 0.14576271186440679 0.009375 0.03728813559322034
1 0.68515625 0.13898305084745763 0.008854166666666666 0.03389830508474576
1 0.7578125 0.1483050847457627 0.008333333333333333 0.03220338983050847
1 0.8536458333333333 0.16864406779661018 0.008333333333333333 0.03559322033898305
1 0.9692708333333333 0.21016949152542372 0.011458333333333333 0.03728813559322034
