0 0.2359375 0.3940677966101695 0.03854166666666667 0.1440677966101695
0 0.36041666666666666 0.1966101694915254 0.01875 0.0711864406779661
0 0.4270833333333333 0.14576271186440679 0.011458333333333333 0.05423728813559322
0 0.5322916666666666 0.11694915254237288 0.010416666666666666 0.03728813559322034
0 0.6161458333333333 0.1152542372881356 0.007291666666666667 0.03389830508474576
0 0.66875 0.12118644067796609 0.005208333333333333 0.02542372881355932
0 0.7296875 0.12542372881355932 0.007291666666666667 0.02711864406779661
0 0.8177083333333334 0.15 0.007291666666666667 0.03559322033898305
0 0.8927083333333333 0.17033898305084746 0.008333333333333333 0.03220338983050847
1 0.6268229166666667 0.47203389830508474 0.0328125 0.14745762711864407
1 0.5791666666666666 0.24491525423728813 0.017708333333333333 0.07288135593220339
1 0.5786458333333333 0.18389830508474575 0.015625 0.05254237288135593
1 0.6169270833333333 0.15338983050847457 0.008854166666666666 0.03559322033898305
1 0.6802083333333333 0.14745762711864407 0.009375 0.03728813559322034
1 0.7546875 0.15508474576271186 0.009375 0.03559322033898305
1 0.8528645833333334 0.17796610169491525 0.0078125 0.03728813559322034
1 0.9736979166666666 0.22203389830508474 0.0109375 0.03728813559322034
