0 0.21015625 0.4177966101694915 0.03802083333333333 0.14745762711864407
0 0.35104166666666664 0.20508474576271185 0.017708333333333333 0.07457627118644068
0 0.4197916666666667 0.15084745762711865 0.011458333333333333 0.04745762711864407
0 0.5278645833333333 0.11779661016949153 0.008854166666666666 0.03559322033898305
0 0.6135416666666667 0.11694915254237288 0.00625 0.03389830508474576
0 0.6677083333333333 0.11864406779661017 0.00625 0.02711864406779661
0 0.7283854166666667 0.12627118644067797 0.0067708333333333336 0.02542372881355932
0 0.8921875 0.17033898305084746 0.008333333333333333 0.03898305084745762
1 0.9768229166666667 0.22118644067796608 0.008854166666666666 0.0423728813559322
1 0.8536458333333333 0.18135593220338983 0.008333333333333333 0.03728813559322034
1 0.75390625 0.1559322033898305 0.0078125 0.030508474576271184
1 0.6791666666666667 0.14745762711864407 0.009375 0.03728813559322034
1 0.6145833333333334 0.15254237288135591 0.008333333333333333 0.03728813559322034
1 0.5768229166666666 0.18559322033898304 0.013020833333333334 0.05254237288135593
1 0.57734375 0.25 0.018229166666666668 0.07288135593220339
1 0.6302083333333334 0.502542372881356 0.03854166666666667 0.15762711864406778
0 0.8153645833333333 0.14322033898305084 0.008854166666666666 0.03220338983050847
