0 0.18880208333333334 0.44322033898305085 0.04114583333333333 0.15762711864406778
0 0.3421875 0.21016949152542372 0.020833333333333332 0.07796610169491525
0 0.41510416666666666 0.15254237288135591 0.0125 0.05423728813559322
0 0.52578125 0.1194915254237288 0.008854166666666666 0.0423728813559322
0 0.61171875 0.11779661016949153 0.0067708333333333336 0.03559322033898305
0 0.6651041666666666 0.1194915254237288 0.005208333333333333 0.0288135593220339
0 0.7270833333333333 0.12796610169491526 0.005208333333333333 0.0288135593220339
0 0.8927083333333333 0.17033898305084746 0.009375 0.03898305084745762
1 0.6341145833333334 0.5338983050847458 0.04010416666666666 0.1694915254237288
1 0.5760416666666667 0.25677966101694916 0.017708333333333333 0.07627118644067796
1 0.5747395833333333 0.18898305084745762 0.015104166666666667 0.05593220338983051
1 0.6127604166666667 0.15677966101694915 0.008854166666666666 0.03898305084745762
1 0.6770833333333334 0.1483050847457627 0.011458333333333333 0.03559322033898305
1 0.7536458333333333 0.1559322033898305 0.008333333333333333 0.03728813559322034
1 0.85390625 0.18389830508474575 0.0078125 0.03559322033898305
1 0.9786458333333333 0.22627118644067795 0.009375 0.03220338983050847
0 0.8158854166666667 0.14576271186440679 0.0067708333333333336 0.02711864406779661
