1 0.98203125 0.22966101694915253 0.013020833333333334 0.03898305084745762
1 0.85390625 0.1864406779661017 0.009895833333333333 0.03389830508474576
1 0.7513020833333334 0.16101694915254236 0.009895833333333333 0.03389830508474576
1 0.6747395833333333 0.15169491525423728 0.0109375 0.03898305084745762
1 0.6078125 0.15932203389830507 0.010416666666666666 0.04067796610169491
1 0.64453125 0.6161016949152542 0.0484375 0.19491525423728814
1 0.5703125 0.1983050847457627 0.014583333333333334 0.0576271186440678
1 0.5723958333333333 0.2711864406779661 0.020833333333333332 0.0847457627118644
0 0.4028645833333333 0.15677966101694915 0.011979166666666666 0.05593220338983051
0 0.5177083333333333 0.12288135593220338 0.010416666666666666 0.03898305084745762
0 0.60625 0.11610169491525424 0.007291666666666667 0.03559322033898305
0 0.6606770833333333 0.12203389830508474 0.0067708333333333336 0.03389830508474576
0 0.7229166666666667 0.1288135593220339 0.00625 0.02711864406779661
0 0.89140625 0.1754237288135593 0.0109375 0.03898305084745762
0 0.81328125 0.1483050847457627 0.0067708333333333336 0.03220338983050847
0 0.3223958333333333 0.22118644067796608 0.019791666666666666 0.09322033898305085
0 0.128125 0.511864406779661 0.04895833333333333 0.1966101694915254
