0 0.31276041666666665 0.22966101694915253 0.0203125 0.08983050847457627
0 0.39791666666666664 0.16016949152542373 0.013541666666666667 0.05254237288135593
0 0.5143229166666666 0.12542372881355932 0.008854166666666666 0.04067796610169491
0 0.60390625 0.1194915254237288 0.0078125 0.0288135593220339
0 0.6588541666666666 0.12203389830508474 0.007291666666666667 0.030508474576271184
0 0.7223958333333333 0.12966101694915255 0.00625 0.02542372881355932
0 0.8916666666666666 0.17372881355932202 0.008333333333333333 0.03898305084745762
1 0.9835937499999999 0.22966101694915253 0.0109375 0.0423728813559322
1 0.8533854166666667 0.18728813559322033 0.008854166666666666 0.03559322033898305
1 0.75078125 0.16016949152542373 0.008854166666666666 0.03559322033898305
1 0.6729166666666666 0.15169491525423728 0.009375 0.03898305084745762
1 0.6059895833333333 0.16016949152542373 0.0109375 0.03898305084745762
1 0.5674479166666666 0.19999999999999998 0.015104166666666667 0.0576271186440678
1 0.5716145833333334 0.2788135593220339 0.022395833333333334 0.08305084745762711
1 0.6505208333333333 0.6610169491525424 0.051041666666666666 0.20677966101694914
0 0.09739583333333333 0.5550847457627118 0.057291666666666664 0.1983050847457627
0 0.8114583333333333 0.15 0.008333333333333333 0.03559322033898305
