0 0.09427083333333333 0.5525423728813559 0.051041666666666666 0.19322033898305085
0 0.3125 0.2288135593220339 0.022916666666666665 0.0847457627118644
0 0.3971354166666667 0.15932203389830507 0.011979166666666666 0.05423728813559322
0 0.51484375 0.12288135593220338 0.008854166666666666 0.0423728813559322
0 0.6036458333333333 0.12033898305084745 0.007291666666666667 0.03728813559322034
0 0.6591145833333333 0.12288135593220338 0.005729166666666666 0.03220338983050847
0 0.7223958333333333 0.13050847457627118 0.00625 0.030508474576271184
0 0.8919270833333334 0.17372881355932202 0.0078125 0.03898305084745762
1 0.9846354166666667 0.22966101694915253 0.0109375 0.03898305084745762
1 0.8536458333333333 0.188135593220339 0.010416666666666666 0.03389830508474576
1 0.7510416666666666 0.16016949152542373 0.008333333333333333 0.03898305084745762
1 0.6731770833333334 0.15338983050847457 0.008854166666666666 0.0423728813559322
1 0.60625 0.16186440677966102 0.010416666666666666 0.03898305084745762
1 0.5671875 0.20084745762711864 0.016666666666666666 0.05593220338983051
1 0.5713541666666666 0.28135593220338984 0.020833333333333332 0.07796610169491525
1 0.6505208333333333 0.6644067796610169 0.05 0.20338983050847456
0 0.81328125 0.15084745762711865 0.008854166666666666 0.03389830508474576
