1 0.3614583333333333 0.611864406779661 0.051041666666666666 0.18983050847457628
1 0.5770833333333333 0.2906779661016949 0.025 0.07966101694915254
1 0.6315104166666666 0.20847457627118643 0.015104166666666667 0.0576271186440678
1 0.6890625 0.16864406779661018 0.010416666666666666 0.03898305084745762
1 0.7197916666666666 0.14576271186440679 0.008333333333333333 0.03389830508474576
1 0.7828125 0.14067796610169492 0.007291666666666667 0.030508474576271184
1 0.8742187499999999 0.14322033898305084 0.005729166666666666 0.02542372881355932
1 0.9559895833333333 0.15169491525423728 0.005729166666666666 0.02542372881355932
0 0.9072916666666666 0.4152542372881356 0.028125 0.10169491525423728
0 0.85 0.27203389830508473 0.016666666666666666 0.06271186440677966
0 0.8361979166666667 0.20847457627118643 0.0109375 0.04067796610169491
0 0.8390624999999999 0.1771186440677966 0.007291666666666667 0.03559322033898305
0 0.8713541666666667 0.16864406779661018 0.008333333333333333 0.02542372881355932
0 0.9578125 0.17288135593220338 0.007291666666666667 0.030508474576271184
