0 0.06666666666666667 0.5940677966101695 0.05520833333333333 0.211864406779661
0 0.3067708333333333 0.23728813559322035 0.021875 0.09152542372881356
0 0.3950520833333333 0.16271186440677965 0.0140625 0.05423728813559322
0 0.51484375 0.12542372881355932 0.008854166666666666 0.03728813559322034
0 0.6052083333333333 0.12203389830508474 0.007291666666666667 0.03389830508474576
0 0.66015625 0.12118644067796609 0.0046875 0.02542372881355932
0 0.7239583333333334 0.13050847457627118 0.00625 0.030508474576271184
0 0.8958333333333334 0.1754237288135593 0.008333333333333333 0.03559322033898305
1 0.9908854166666666 0.2330508474576271 0.011979166666666666 0.03898305084745762
1 0.8583333333333333 0.188135593220339 0.008333333333333333 0.03389830508474576
1 0.753125 0.16186440677966102 0.009375 0.03220338983050847
1 0.6752604166666667 0.1542372881355932 0.009895833333333333 0.03728813559322034
1 0.6078125 0.1652542372881356 0.010416666666666666 0.03559322033898305
1 0.5684895833333333 0.20423728813559322 0.015104166666666667 0.05593220338983051
1 0.57265625 0.2906779661016949 0.0203125 0.08644067796610169
1 0.66015625 0.714406779661017 0.05364583333333333 0.22542372881355932
0 0.8161458333333333 0.1483050847457627 0.010416666666666666 0.0423728813559322
