1 0.02578125 0.6983050847457627 0.0515625 0.26101694915254237
1 0.3190104166666667 0.25169491525423726 0.025520833333333333 0.09661016949152543
1 0.4153645833333333 0.1711864406779661 0.011979166666666666 0.06440677966101695
1 0.53984375 0.1288135593220339 0.0078125 0.04406779661016949
1 0.6338541666666666 0.1271186440677966 0.009375 0.03728813559322034
1 0.6908854166666667 0.12457627118644067 0.0078125 0.03559322033898305
1 0.7578125 0.13728813559322034 0.007291666666666667 0.030508474576271184
1 0.94296875 0.18559322033898304 0.008854166666666666 0.03898305084745762
0 0.90390625 0.19915254237288135 0.0109375 0.0423728813559322
0 0.7911458333333333 0.17203389830508475 0.008333333333333333 0.03898305084745762
0 0.7075520833333333 0.1635593220338983 0.0109375 0.03898305084745762
0 0.6369791666666667 0.17288135593220338 0.011458333333333333 0.04406779661016949
0 0.5979166666666667 0.21694915254237288 0.016666666666666666 0.06101694915254237
0 0.6052083333333333 0.311864406779661 0.022916666666666665 0.09491525423728814
0 0.7200520833333334 0.8762711864406779 0.059895833333333336 0.24406779661016947
