1 0.35104166666666664 0.2788135593220339 0.02395833333333333 0.10338983050847457
1 0.4588541666666667 0.18135593220338983 0.015625 0.06101694915254237
1 0.5921875 0.14152542372881355 0.010416666666666666 0.03898305084745762
1 0.6893229166666667 0.14067796610169492 0.009895833333333333 0.03728813559322034
1 0.7505208333333333 0.14152542372881355 0.009375 0.03559322033898305
1 0.8231770833333333 0.15338983050847457 0.0067708333333333336 0.03220338983050847
0 0.8643229166666666 0.1923728813559322 0.013020833333333334 0.04576271186440678
0 0.771875 0.18389830508474575 0.010416666666666666 0.0423728813559322
0 0.6966145833333334 0.19152542372881357 0.013020833333333334 0.05084745762711864
0 0.6546875 0.24237288135593218 0.019791666666666666 0.06440677966101695
0 0.6684895833333333 0.3644067796610169 0.027604166666666666 0.11186440677966102
