0 0.37473958333333335 0.3101694915254237 0.030729166666666665 0.11186440677966102
0 0.49140625 0.20169491525423727 0.0140625 0.06779661016949153
0 0.6302083333333334 0.15508474576271186 0.0125 0.0423728813559322
0 0.7325520833333333 0.1559322033898305 0.008854166666666666 0.03728813559322034
0 0.7981770833333334 0.15847457627118644 0.008854166666666666 0.03559322033898305
0 0.8763020833333334 0.17033898305084746 0.0067708333333333336 0.0288135593220339
1 0.72734375 0.4228813559322034 0.030729166666666665 0.12033898305084745
1 0.7036458333333333 0.2711864406779661 0.019791666666666666 0.06440677966101695
1 0.7434895833333334 0.2093220338983051 0.011979166666666666 0.05254237288135593
1 0.82421875 0.20338983050847456 0.013020833333333334 0.04406779661016949
1 0.9255208333333333 0.2135593220338983 0.013541666666666667 0.04745762711864407
