0 0.3833333333333333 0.3338983050847458 0.030208333333333334 0.12203389830508474
0 0.5109375 0.21440677966101696 0.017708333333333333 0.06271186440677966
0 0.6528645833333333 0.16610169491525423 0.009895833333333333 0.04406779661016949
0 0.7596354166666667 0.16271186440677965 0.008854166666666666 0.03728813559322034
0 0.8286458333333333 0.16779661016949152 0.008333333333333333 0.04067796610169491
0 0.9119791666666667 0.18305084745762712 0.008333333333333333 0.04067796610169491
1 0.7700520833333333 0.47203389830508474 0.0359375 0.13728813559322034
1 0.7348958333333333 0.2906779661016949 0.021875 0.07966101694915254
1 0.7747395833333334 0.22627118644067795 0.015104166666666667 0.05254237288135593
1 0.8583333333333333 0.21694915254237288 0.0125 0.05084745762711864
1 0.9682291666666667 0.2305084745762712 0.0125 0.04745762711864407
