1 0.3723958333333333 0.35677966101694913 0.03333333333333333 0.13389830508474576
1 0.5091145833333334 0.2194915254237288 0.0171875 0.06949152542372881
1 0.65625 0.16864406779661018 0.0125 0.05254237288135593
1 0.7658854166666667 0.16779661016949152 0.009895833333333333 0.03728813559322034
1 0.8351562499999999 0.1711864406779661 0.008854166666666666 0.03728813559322034
1 0.9208333333333333 0.1847457627118644 0.009375 0.03728813559322034
0 0.7950520833333333 0.5152542372881356 0.04010416666666666 0.14915254237288136
0 0.7479166666666667 0.3059322033898305 0.022916666666666665 0.07966101694915254
0 0.7838541666666666 0.23135593220338982 0.015625 0.05593220338983051
0 0.8692708333333333 0.2194915254237288 0.014583333333333334 0.05593220338983051
0 0.9802083333333333 0.23559322033898306 0.014583333333333334 0.04745762711864407
