1 0.36015625 0.38813559322033897 0.034895833333333334 0.1423728813559322
1 0.5083333333333333 0.2305084745762712 0.016666666666666666 0.06779661016949153
1 0.6596354166666667 0.17203389830508475 0.009895833333333333 0.04576271186440678
1 0.77109375 0.1694915254237288 0.008854166666666666 0.04406779661016949
1 0.8416666666666667 0.17033898305084746 0.007291666666666667 0.03559322033898305
1 0.9278645833333333 0.18389830508474575 0.009895833333333333 0.03559322033898305
0 0.8239583333333333 0.5703389830508474 0.04583333333333333 0.16779661016949152
0 0.75859375 0.3228813559322034 0.025520833333333333 0.08305084745762711
0 0.7921875 0.24152542372881355 0.014583333333333334 0.05593220338983051
0 0.8786458333333333 0.22966101694915253 0.013541666666666667 0.05254237288135593
