0 0.33541666666666664 0.42966101694915254 0.03958333333333333 0.16440677966101694
0 0.5002604166666667 0.23813559322033898 0.0171875 0.07627118644067796
0 0.6565104166666667 0.17457627118644067 0.011979166666666666 0.05084745762711864
0 0.7692708333333333 0.17372881355932202 0.010416666666666666 0.0423728813559322
0 0.8401041666666667 0.1771186440677966 0.008333333333333333 0.03559322033898305
0 0.9289062499999999 0.19152542372881357 0.009895833333333333 0.04067796610169491
1 0.8520833333333333 0.6389830508474577 0.052083333333333336 0.18983050847457628
1 0.765625 0.34152542372881356 0.026041666666666668 0.08983050847457627
1 0.7942708333333334 0.2483050847457627 0.014583333333333334 0.059322033898305086
1 0.8809895833333333 0.2330508474576271 0.0140625 0.05593220338983051
