1 0.2984375 0.48050847457627116 0.046875 0.18135593220338983
1 0.4869791666666667 0.24745762711864405 0.01875 0.07796610169491525
1 0.65 0.17627118644067796 0.010416666666666666 0.04745762711864407
1 0.7640625 0.17203389830508475 0.010416666666666666 0.04576271186440678
1 0.83671875 0.17627118644067796 0.008854166666666666 0.04067796610169491
1 0.9239583333333333 0.19152542372881357 0.009375 0.03389830508474576
0 0.8911458333333333 0.7279661016949153 0.06354166666666666 0.21864406779661016
0 0.7713541666666667 0.3559322033898305 0.027083333333333334 0.09491525423728814
0 0.7958333333333333 0.25254237288135595 0.013541666666666667 0.0576271186440678
0 0.88046875 0.23220338983050848 0.013020833333333334 0.05423728813559322
