0 0.24739583333333334 0.5686440677966101 0.057291666666666664 0.211864406779661
0 0.4734375 0.2661016949152542 0.01875 0.0847457627118644
0 0.64296875 0.18050847457627117 0.011979166666666666 0.05254237288135593
0 0.7588541666666666 0.17457627118644067 0.009375 0.04406779661016949
0 0.83046875 0.17372881355932202 0.008854166666666666 0.03898305084745762
0 0.9184895833333333 0.18728813559322033 0.009895833333333333 0.03898305084745762
1 0.8817708333333333 0.2406779661016949 0.014583333333333334 0.0576271186440678
1 0.7950520833333333 0.2627118644067796 0.015104166666666667 0.06440677966101695
1 0.7802083333333333 0.385593220338983 0.03333333333333333 0.10338983050847457
1 0.95390625 0.8720338983050847 0.08697916666666666 0.2559322033898305
