1 0.23333333333333334 0.8101694915254237 0.058333333333333334 0.2271186440677966
1 0.5177083333333333 0.3084745762711864 0.027083333333333334 0.09491525423728814
1 0.5765625 0.20338983050847456 0.017708333333333333 0.0576271186440678
1 0.6322916666666667 0.15762711864406778 0.010416666666666666 0.04067796610169491
1 0.6622395833333333 0.1330508474576271 0.0078125 0.03559322033898305
1 0.7234375 0.12627118644067797 0.00625 0.03220338983050847
1 0.8075520833333333 0.1271186440677966 0.005729166666666666 0.023728813559322035
1 0.8817708333333333 0.13389830508474576 0.007291666666666667 0.02711864406779661
1 0.9971354166666666 0.15 0.0046875 0.0288135593220339
0 0.8742187499999999 0.4313559322033898 0.0328125 0.1135593220338983
0 0.7997395833333333 0.2669491525423729 0.018229166666666668 0.06271186440677966
0 0.7796875 0.19576271186440677 0.0125 0.04576271186440678
0 0.80703125 0.15084745762711865 0.0078125 0.030508474576271184
0 0.8856770833333333 0.15338983050847457 0.0078125 0.02542372881355932
0 0.95859375 0.15847457627118644 0.008854166666666666 0.0288135593220339
0 0.7786458333333334 0.16440677966101694 0.009375 0.03389830508474576
