0 0.46770833333333334 0.3508474576271186 0.03125 0.1152542372881356
0 0.53359375 0.21864406779661016 0.019270833333333334 0.06779661016949153
0 0.5911458333333334 0.15932203389830507 0.013541666666666667 0.04745762711864407
0 0.6208333333333333 0.13220338983050847 0.009375 0.03728813559322034
0 0.68125 0.12203389830508474 0.007291666666666667 0.030508474576271184
0 0.7630208333333334 0.12033898305084745 0.00625 0.023728813559322035
0 0.8330729166666666 0.1271186440677966 0.0067708333333333336 0.02711864406779661
0 0.9390625 0.14067796610169492 0.00625 0.023728813559322035
1 0.90625 0.15084745762711865 0.008333333333333333 0.030508474576271184
1 0.83828125 0.14491525423728813 0.008854166666666666 0.0288135593220339
1 0.7651041666666667 0.14745762711864407 0.010416666666666666 0.02711864406779661
1 0.7385416666666667 0.16016949152542373 0.008333333333333333 0.03898305084745762
1 0.7421875 0.19322033898305085 0.013541666666666667 0.04745762711864407
1 0.76953125 0.2754237288135593 0.0203125 0.07288135593220339
1 0.86875 0.4788135593220339 0.03958333333333333 0.13050847457627118
