0 0.390625 0.42457627118644065 0.03854166666666667 0.15084745762711865
0 0.4752604166666667 0.2288135593220339 0.021354166666666667 0.07457627118644068
0 0.5380208333333333 0.15677966101694915 0.014583333333333334 0.04915254237288135
0 0.5690104166666666 0.12542372881355932 0.0109375 0.04067796610169491
0 0.6294270833333333 0.11101694915254237 0.0078125 0.03220338983050847
0 0.7098958333333333 0.10932203389830508 0.00625 0.02542372881355932
0 0.7765625 0.11440677966101695 0.00625 0.02542372881355932
0 0.8747395833333333 0.1313559322033898 0.0067708333333333336 0.02542372881355932
0 0.9846354166666667 0.15254237288135591 0.0078125 0.023728813559322035
1 0.9919270833333333 0.16610169491525423 0.008854166666666666 0.02711864406779661
1 0.8463541666666666 0.13898305084745763 0.009375 0.02711864406779661
1 0.78515625 0.13559322033898305 0.008854166666666666 0.030508474576271184
1 0.7143229166666667 0.13644067796610168 0.008854166666666666 0.03220338983050847
1 0.6895833333333333 0.15338983050847457 0.009375 0.03898305084745762
1 0.69609375 0.19152542372881357 0.0140625 0.05084745762711864
1 0.7338541666666667 0.28559322033898304 0.020833333333333332 0.07627118644067796
1 0.8734375 0.5576271186440678 0.04895833333333333 0.15932203389830507
