2 0.8471354166666667 0.7364406779661017 0.09427083333333333 0.4491525423728813
0 0.678125 0.6635593220338983 0.041666666666666664 0.16440677966101694
1 0.030989583333333334 0.7093220338983051 0.0484375 0.1542372881355932
1 0.09322916666666667 0.4940677966101695 0.028125 0.10677966101694915
1 0.090625 0.40084745762711865 0.01875 0.07627118644067796
1 0.040364583333333336 0.3593220338983051 0.019270833333333334 0.06440677966101695
0 0.36276041666666664 0.3805084745762712 0.0203125 0.06271186440677966
0 0.2903645833333333 0.3423728813559322 0.013020833333333334 0.0576271186440678
0 0.22291666666666665 0.31610169491525425 0.013541666666666667 0.03559322033898305
0 0.15442708333333333 0.3084745762711864 0.01614583333333333 0.03389830508474576
