2 0.89140625 0.7720338983050847 0.06510416666666667 0.4525423728813559
1 0.08385416666666666 0.5042372881355932 0.028125 0.09661016949152543
1 0.0875 0.40508474576271186 0.025 0.06779661016949153
1 0.037760416666666664 0.35 0.0203125 0.05593220338983051
0 0.6984375 0.7 0.03854166666666667 0.1423728813559322
0 0.49244791666666665 0.45932203389830506 0.018229166666666668 0.0847457627118644
0 0.36614583333333334 0.385593220338983 0.020833333333333332 0.07627118644067796
0 0.28932291666666665 0.3432203389830508 0.0140625 0.0423728813559322
0 0.22734374999999998 0.3296610169491525 0.0140625 0.04915254237288135
0 0.15703125 0.30338983050847457 0.011979166666666666 0.03728813559322034
