0 0.071875 0.538135593220339 0.03229166666666666 0.10338983050847457
0 0.08046875 0.41271186440677965 0.021354166666666667 0.059322033898305086
0 0.03984375 0.3686440677966102 0.0234375 0.06610169491525424
1 0.01484375 0.2788135593220339 0.009895833333333333 0.04576271186440678
1 0.08880208333333334 0.30254237288135594 0.01614583333333333 0.03898305084745762
1 0.16145833333333334 0.32033898305084746 0.011458333333333333 0.030508474576271184
1 0.2296875 0.3313559322033898 0.013541666666666667 0.04915254237288135
1 0.2973958333333333 0.35677966101694913 0.015625 0.0423728813559322
1 0.3697916666666667 0.40338983050847455 0.017708333333333333 0.06101694915254237
1 0.5049479166666666 0.4906779661016949 0.019270833333333334 0.08305084745762711
1 0.7354166666666666 0.7694915254237288 0.04895833333333333 0.17966101694915254
2 0.9739583333333334 0.8169491525423729 0.04583333333333333 0.36610169491525424
