0 0.16458333333333333 0.8008474576271186 0.08541666666666667 0.2864406779661017
0 0.371875 0.29491525423728815 0.028125 0.09491525423728814
0 0.459375 0.1754237288135593 0.015625 0.05593220338983051
0 0.4947916666666667 0.12966101694915255 0.011458333333333333 0.0423728813559322
0 0.5606770833333333 0.11016949152542373 0.008854166666666666 0.03389830508474576
0 0.6432291666666666 0.10254237288135593 0.00625 0.0288135593220339
0 0.7088541666666667 0.10423728813559321 0.00625 0.02542372881355932
0 0.8026041666666667 0.11440677966101695 0.00625 0.02542372881355932
0 0.903125 0.1347457627118644 0.00625 0.02542372881355932
1 0.9138020833333333 0.1483050847457627 0.0067708333333333336 0.02542372881355932
1 0.78046875 0.1271186440677966 0.0078125 0.02711864406779661
1 0.72109375 0.1271186440677966 0.0078125 0.030508474576271184
1 0.6518229166666667 0.1313559322033898 0.009895833333333333 0.03559322033898305
1 0.6286458333333333 0.1559322033898305 0.010416666666666666 0.04406779661016949
1 0.6419270833333334 0.20423728813559322 0.015104166666666667 0.05593220338983051
1 0.70390625 0.34576271186440677 0.025520833333333333 0.10169491525423728
