0 0.050520833333333334 0.5627118644067797 0.030208333333333334 0.12203389830508474
0 0.071875 0.4288135593220339 0.027083333333333334 0.0711864406779661
0 0.03333333333333333 0.376271186440678 0.019791666666666666 0.06440677966101695
1 0.021614583333333333 0.2983050847457627 0.0109375 0.030508474576271184
1 0.09375 0.3008474576271186 0.014583333333333334 0.03898305084745762
1 0.16744791666666667 0.32033898305084746 0.0140625 0.04067796610169491
1 0.2359375 0.3389830508474576 0.014583333333333334 0.0576271186440678
1 0.3020833333333333 0.36694915254237287 0.014583333333333334 0.05593220338983051
1 0.378125 0.41694915254237286 0.01875 0.07457627118644068
1 0.5182291666666666 0.5110169491525424 0.022916666666666665 0.09661016949152543
1 0.7958333333333333 0.861864406779661 0.057291666666666664 0.211864406779661
