0 0.034895833333333334 0.5838983050847457 0.036458333333333336 0.12372881355932203
0 0.06875 0.4440677966101695 0.019791666666666666 0.07457627118644068
0 0.03359375 0.3898305084745763 0.0171875 0.07457627118644068
1 0.0265625 0.3016949152542373 0.0125 0.03389830508474576
1 0.09661458333333334 0.3059322033898305 0.011979166666666666 0.04576271186440678
1 0.17109375 0.3228813559322034 0.008854166666666666 0.04915254237288135
1 0.240625 0.3516949152542373 0.0125 0.04915254237288135
1 0.30703125 0.376271186440678 0.013020833333333334 0.05084745762711864
1 0.38359375 0.42966101694915254 0.018229166666666668 0.07627118644067796
1 0.5307291666666667 0.5330508474576271 0.025 0.09999999999999999
1 0.8513020833333333 0.9203389830508474 0.04114583333333333 0.15932203389830507
