0 0.013020833333333334 0.611864406779661 0.025 0.15254237288135591
0 0.059895833333333336 0.4533898305084746 0.026041666666666668 0.07966101694915254
0 0.028125 0.3813559322033898 0.015625 0.07457627118644068
1 0.03411458333333333 0.2923728813559322 0.0140625 0.05254237288135593
1 0.10494791666666667 0.3008474576271186 0.011979166666666666 0.04915254237288135
1 0.17838541666666666 0.3305084745762712 0.009895833333333333 0.04067796610169491
1 0.24739583333333334 0.3525423728813559 0.015625 0.04406779661016949
1 0.3143229166666667 0.3771186440677966 0.01614583333333333 0.059322033898305086
1 0.3927083333333333 0.4347457627118644 0.019791666666666666 0.07966101694915254
1 0.553125 0.5610169491525424 0.03125 0.1152542372881356
