0 0.05 0.47966101694915253 0.028125 0.08135593220338982
0 0.0359375 0.39915254237288134 0.02395833333333333 0.059322033898305086
0 0.008333333333333333 0.3483050847457627 0.011458333333333333 0.04576271186440678
1 0.06588541666666667 0.2906779661016949 0.011979166666666666 0.04915254237288135
1 0.1328125 0.30677966101694915 0.009375 0.03389830508474576
1 0.20260416666666667 0.3313559322033898 0.013541666666666667 0.0423728813559322
1 0.27057291666666666 0.3652542372881356 0.019270833333333334 0.05593220338983051
1 0.34140625 0.39152542372881355 0.018229166666666668 0.06440677966101695
1 0.42109375 0.4711864406779661 0.028645833333333332 0.0847457627118644
1 0.6166666666666667 0.6516949152542373 0.046875 0.14745762711864407
