0 0.10104166666666667 0.5389830508474576 0.03958333333333333 0.10508474576271186
0 0.11901041666666666 0.4271186440677966 0.025520833333333333 0.06779661016949153
0 0.10703125 0.3601694915254237 0.011979166666666666 0.04915254237288135
0 0.059895833333333336 0.3313559322033898 0.014583333333333334 0.0423728813559322
1 0.028645833333333332 0.28983050847457625 0.008333333333333333 0.030508474576271184
1 0.10781249999999999 0.2906779661016949 0.013541666666666667 0.0423728813559322
1 0.17578125 0.3076271186440678 0.011979166666666666 0.03559322033898305
1 0.23411458333333332 0.31949152542372883 0.011979166666666666 0.04576271186440678
1 0.29765625 0.34067796610169493 0.0140625 0.05423728813559322
1 0.36354166666666665 0.38305084745762713 0.021875 0.0576271186440678
1 0.4359375 0.43050847457627117 0.020833333333333332 0.07796610169491525
1 0.5375 0.5584745762711865 0.030208333333333334 0.10338983050847457
1 0.871875 0.9288135593220339 0.04479166666666667 0.1423728813559322
