0 0.13046875 0.659322033898305 0.04635416666666667 0.14576271186440679
0 0.19869791666666667 0.47627118644067795 0.028645833333333332 0.09491525423728814
0 0.2125 0.3813559322033898 0.016666666666666666 0.06101694915254237
0 0.17578125 0.35 0.0171875 0.059322033898305086
0 0.10703125 0.32796610169491525 0.011979166666666666 0.04576271186440678
0 0.03229166666666666 0.311864406779661 0.015625 0.04745762711864407
1 0.08307291666666666 0.2889830508474576 0.0078125 0.0288135593220339
1 0.16380208333333332 0.2983050847457627 0.008854166666666666 0.030508474576271184
1 0.22942708333333334 0.30338983050847457 0.009895833333333333 0.03389830508474576
1 0.290625 0.31610169491525425 0.010416666666666666 0.03559322033898305
1 0.34739583333333335 0.33220338983050846 0.013541666666666667 0.05084745762711864
1 0.41041666666666665 0.373728813559322 0.013541666666666667 0.05254237288135593
1 0.48072916666666665 0.4271186440677966 0.019791666666666666 0.0711864406779661
1 0.57265625 0.5093220338983051 0.0296875 0.09999999999999999
1 0.74921875 0.7872881355932203 0.043229166666666666 0.188135593220339
