2 0.07005208333333333 0.2661016949152542 0.0109375 0.06101694915254237
1 0.26145833333333335 0.5432203389830508 0.026041666666666668 0.10338983050847457
1 0.30442708333333335 0.40847457627118644 0.01614583333333333 0.06101694915254237
1 0.27369791666666665 0.36694915254237287 0.013020833333333334 0.05593220338983051
1 0.21223958333333334 0.33644067796610166 0.009895833333333333 0.04576271186440678
1 0.14895833333333333 0.311864406779661 0.009375 0.02711864406779661
1 0.04114583333333333 0.30338983050847457 0.009375 0.03389830508474576
0 0.7854166666666667 0.6788135593220339 0.03854166666666667 0.15762711864406778
0 0.6236979166666666 0.5110169491525424 0.024479166666666666 0.08305084745762711
0 0.5278645833333333 0.4177966101694915 0.019270833333333334 0.06949152542372881
0 0.4536458333333333 0.3542372881355932 0.010416666666666666 0.04067796610169491
0 0.3989583333333333 0.3313559322033898 0.0125 0.03559322033898305
0 0.33828125 0.3059322033898305 0.013020833333333334 0.03220338983050847
0 0.27317708333333335 0.2966101694915254 0.009895833333333333 0.03389830508474576
