0 0.30078125 0.4652542372881356 0.019270833333333334 0.07966101694915254
0 0.19244791666666666 0.75 0.04635416666666667 0.1542372881355932
0 0.27708333333333335 0.3889830508474576 0.011458333333333333 0.04576271186440678
0 0.21380208333333334 0.35677966101694913 0.0109375 0.0423728813559322
0 0.15182291666666667 0.32457627118644067 0.011979166666666666 0.04576271186440678
1 0.7453125 0.6525423728813559 0.0375 0.12542372881355932
1 0.5890625 0.4703389830508474 0.019791666666666666 0.07288135593220339
1 0.4947916666666667 0.385593220338983 0.021875 0.059322033898305086
1 0.4263020833333333 0.35847457627118645 0.015104166666666667 0.0423728813559322
1 0.3614583333333333 0.32796610169491525 0.013541666666666667 0.03559322033898305
1 0.29453125 0.3093220338983051 0.011979166666666666 0.0423728813559322
1 0.21927083333333333 0.3059322033898305 0.007291666666666667 0.0288135593220339
2 0.08359375 0.2788135593220339 0.0203125 0.07966101694915254
0 0.042708333333333334 0.31949152542372883 0.011458333333333333 0.03898305084745762
1 0.00390625 0.29745762711864404 0.0067708333333333336 0.03898305084745762
1 0.12916666666666665 0.2966101694915254 0.0125 0.03389830508474576
