2 0.07890625 0.2872881355932203 0.018229166666666668 0.07966101694915254
1 0.26901041666666664 0.5711864406779661 0.0296875 0.10847457627118644
1 0.2583333333333333 0.44237288135593217 0.026041666666666668 0.07796610169491525
1 0.19817708333333334 0.38728813559322034 0.022395833333333334 0.06271186440677966
1 0.13854166666666667 0.35338983050847456 0.016666666666666666 0.05593220338983051
0 0.6833333333333333 0.5983050847457627 0.03125 0.15254237288135591
0 0.5403645833333334 0.44322033898305085 0.0171875 0.07288135593220339
0 0.4513020833333333 0.3889830508474576 0.018229166666666668 0.07288135593220339
0 0.3809895833333333 0.3508474576271186 0.015104166666666667 0.06101694915254237
0 0.30755208333333334 0.3296610169491525 0.01614583333333333 0.04576271186440678
0 0.22057291666666667 0.31440677966101693 0.0109375 0.0288135593220339
