2 0.07135416666666666 0.30254237288135594 0.016666666666666666 0.08983050847457627
1 0.22083333333333333 0.5330508474576271 0.021875 0.09999999999999999
1 0.11145833333333333 0.38220338983050844 0.015625 0.08305084745762711
1 0.16822916666666665 0.4322033898305085 0.021875 0.06101694915254237
1 0.15104166666666666 0.8661016949152542 0.06041666666666667 0.21694915254237288
0 0.6091145833333333 0.5432203389830508 0.0296875 0.08983050847457627
0 0.48802083333333335 0.44237288135593217 0.016666666666666666 0.08813559322033898
0 0.39375 0.38813559322033897 0.019791666666666666 0.0576271186440678
0 0.30963541666666666 0.3525423728813559 0.0140625 0.03728813559322034
0 0.22317708333333333 0.33728813559322035 0.011979166666666666 0.030508474576271184
