0 0.3265625 0.34745762711864403 0.03125 0.1152542372881356
0 0.43463541666666666 0.1906779661016949 0.018229166666666668 0.059322033898305086
0 0.4747395833333333 0.13728813559322034 0.013020833333333334 0.04745762711864407
0 0.5434895833333333 0.11440677966101695 0.009895833333333333 0.03898305084745762
0 0.6283854166666667 0.10423728813559321 0.005729166666666666 0.0288135593220339
0 0.6953125 0.1059322033898305 0.00625 0.02542372881355932
1 0.70859375 0.1288135593220339 0.0078125 0.030508474576271184
1 0.6388020833333333 0.13644067796610168 0.009895833333333333 0.03559322033898305
0 0.7893229166666667 0.11694915254237288 0.0067708333333333336 0.023728813559322035
0 0.8893229166666666 0.1347457627118644 0.005729166666666666 0.02542372881355932
1 0.9028645833333333 0.15169491525423728 0.0078125 0.0288135593220339
1 0.7690104166666667 0.13050847457627118 0.0078125 0.02711864406779661
1 0.7127604166666667 0.39576271186440676 0.027604166666666666 0.11694915254237288
1 0.6161458333333333 0.1652542372881356 0.011458333333333333 0.04576271186440678
1 0.6325520833333333 0.22033898305084745 0.01614583333333333 0.06101694915254237
