2 0.1390625 0.3042372881355932 0.020833333333333332 0.08983050847457627
0 0.14583333333333334 0.40932203389830507 0.016666666666666666 0.06610169491525424
0 0.17630208333333333 0.5135593220338983 0.0265625 0.0983050847457627
0 0.18463541666666666 0.7491525423728813 0.043229166666666666 0.15932203389830507
1 0.28541666666666665 0.35338983050847456 0.014583333333333334 0.03898305084745762
1 0.47734375 0.4322033898305085 0.01614583333333333 0.0576271186440678
1 0.38307291666666665 0.39152542372881355 0.0140625 0.06101694915254237
1 0.6033854166666667 0.5491525423728814 0.0296875 0.0983050847457627
1 0.8427083333333333 0.8127118644067797 0.04583333333333333 0.20508474576271185
1 0.18020833333333333 0.34915254237288135 0.011458333333333333 0.05423728813559322
0 0.0328125 0.3711864406779661 0.020833333333333332 0.06101694915254237
1 0.04895833333333333 0.3220338983050847 0.011458333333333333 0.04406779661016949
