2 0.2046875 0.3169491525423729 0.028125 0.09491525423728814
0 0.16640625 0.4694915254237288 0.024479166666666666 0.0847457627118644
0 0.07317708333333334 0.41694915254237286 0.0234375 0.06779661016949153
0 0.14010416666666667 0.673728813559322 0.05 0.1271186440677966
1 0.24505208333333334 0.3635593220338983 0.013020833333333334 0.05593220338983051
1 0.35182291666666665 0.38389830508474576 0.01614583333333333 0.059322033898305086
1 0.46979166666666666 0.43728813559322033 0.02395833333333333 0.06779661016949153
1 0.6020833333333333 0.5364406779661017 0.03229166666666666 0.09661016949152543
1 0.8653645833333333 0.8610169491525423 0.049479166666666664 0.20338983050847456
1 0.11744791666666667 0.33559322033898303 0.015104166666666667 0.04745762711864407
1 0.005989583333333333 0.33644067796610166 0.009895833333333333 0.04576271186440678
