2 0.29322916666666665 0.33559322033898303 0.020833333333333332 0.12542372881355932
0 0.11223958333333334 0.435593220338983 0.0328125 0.0983050847457627
0 0.17786458333333333 0.5966101694915255 0.044270833333333336 0.13220338983050847
1 0.33671875 0.3932203389830508 0.011979166666666666 0.0711864406779661
1 0.45989583333333334 0.44661016949152543 0.016666666666666666 0.06949152542372881
1 0.6244791666666667 0.5669491525423729 0.036458333333333336 0.09999999999999999
1 0.9210937499999999 0.8779661016949152 0.049479166666666664 0.18305084745762712
1 0.2015625 0.34491525423728814 0.016666666666666666 0.06271186440677966
1 0.09635416666666667 0.32372881355932204 0.019791666666666666 0.06101694915254237
2 0.0078125 0.40084745762711865 0.014583333333333334 0.14745762711864407
