2 0.37421875 0.3635593220338983 0.0234375 0.12372881355932203
0 0.125 0.5288135593220339 0.036458333333333336 0.09491525423728814
1 0.603125 0.5822033898305085 0.030208333333333334 0.09661016949152543
1 0.4278645833333333 0.4559322033898305 0.0265625 0.09491525423728814
1 0.27578125 0.3813559322033898 0.01614583333333333 0.05084745762711864
1 0.175 0.3542372881355932 0.01875 0.04745762711864407
0 0.028385416666666666 0.4347457627118644 0.0203125 0.07288135593220339
0 0.0671875 0.9144067796610169 0.058333333333333334 0.1711864406779661
1 0.9731770833333333 0.923728813559322 0.05364583333333333 0.14576271186440679
2 0.009114583333333334 0.4711864406779661 0.01614583333333333 0.18305084745762712
