0 0.010416666666666666 0.9389830508474576 0.019791666666666666 0.12203389830508474
0 0.11458333333333333 0.5754237288135593 0.0375 0.12372881355932203
0 0.11119791666666666 0.43728813559322033 0.022395833333333334 0.08813559322033898
0 0.00625 0.39999999999999997 0.009375 0.08135593220338982
1 0.034895833333333334 0.3254237288135593 0.011458333333333333 0.03728813559322034
1 0.18307291666666667 0.34152542372881356 0.013020833333333334 0.04915254237288135
1 0.29192708333333334 0.3677966101694915 0.019270833333333334 0.04745762711864407
1 0.40781249999999997 0.4186440677966102 0.02395833333333333 0.06440677966101695
1 0.5453125 0.5228813559322034 0.027083333333333334 0.09661016949152543
1 0.7802083333333333 0.8533898305084745 0.04583333333333333 0.20508474576271185
