0 0.0625 0.8754237288135593 0.05625 0.20169491525423727
0 0.18515625 0.5228813559322034 0.030729166666666665 0.09661016949152543
0 0.10729166666666666 0.43050847457627117 0.029166666666666667 0.08135593220338982
2 0.012239583333333333 0.29406779661016946 0.0234375 0.11694915254237288
1 0.05651041666666667 0.3254237288135593 0.011979166666666666 0.04745762711864407
1 0.17760416666666667 0.34067796610169493 0.0125 0.04067796610169491
1 0.3182291666666667 0.3593220338983051 0.019791666666666666 0.0576271186440678
1 0.43072916666666666 0.4135593220338983 0.021875 0.07457627118644068
1 0.5861979166666667 0.5296610169491526 0.0296875 0.09322033898305085
1 0.8872395833333333 0.885593220338983 0.059895833333333336 0.21525423728813559
