2 0.15572916666666667 0.3 0.028125 0.10847457627118644
0 0.18697916666666667 0.5050847457627119 0.026041666666666668 0.08813559322033898
0 0.21875 0.7703389830508475 0.03958333333333333 0.188135593220339
0 0.08151041666666667 0.4491525423728813 0.019270833333333334 0.06779661016949153
1 0.196875 0.34745762711864403 0.015625 0.0576271186440678
1 0.3091145833333333 0.36271186440677966 0.019270833333333334 0.05423728813559322
1 0.4666666666666667 0.42542372881355933 0.026041666666666668 0.06440677966101695
1 0.625 0.5440677966101695 0.029166666666666667 0.10508474576271186
1 0.9901041666666667 0.9127118644067796 0.019791666666666666 0.14067796610169492
1 0.06875 0.32627118644067793 0.013541666666666667 0.05254237288135593
