1 0.2713541666666667 0.40084745762711865 0.03958333333333333 0.1271186440677966
1 0.40781249999999997 0.1966101694915254 0.01875 0.06440677966101695
1 0.45260416666666664 0.14152542372881355 0.013541666666666667 0.04915254237288135
1 0.5265625 0.11271186440677966 0.009375 0.03898305084745762
1 0.6140625 0.09915254237288135 0.007291666666666667 0.03220338983050847
1 0.6822916666666666 0.10084745762711864 0.007291666666666667 0.0288135593220339
1 0.77734375 0.11186440677966102 0.0067708333333333336 0.02711864406779661
1 0.8776041666666666 0.1313559322033898 0.00625 0.02542372881355932
1 0.98984375 0.1559322033898305 0.0067708333333333336 0.030508474576271184
0 0.7270833333333333 0.45084745762711864 0.030208333333333334 0.12542372881355932
0 0.625 0.23135593220338982 0.017708333333333333 0.06271186440677966
0 0.6046875 0.16610169491525423 0.013541666666666667 0.04745762711864407
0 0.6263020833333334 0.1347457627118644 0.009895833333333333 0.03898305084745762
0 0.6984375 0.1271186440677966 0.008333333333333333 0.03389830508474576
0 0.7588541666666666 0.12627118644067797 0.008333333333333333 0.03220338983050847
0 0.8932291666666666 0.14745762711864407 0.007291666666666667 0.03389830508474576
