0 0.027083333333333334 0.6991525423728814 0.053125 0.17457627118644067
0 0.04791666666666666 0.5076271186440677 0.026041666666666668 0.09322033898305085
1 0.7567708333333333 0.7491525423728813 0.041666666666666664 0.17288135593220338
1 0.50546875 0.5076271186440677 0.025520833333333333 0.10677966101694915
1 0.35833333333333334 0.4076271186440678 0.017708333333333333 0.06271186440677966
1 0.24479166666666666 0.3813559322033898 0.013541666666666667 0.05423728813559322
1 0.16276041666666666 0.3466101694915254 0.009895833333333333 0.04915254237288135
2 0.45859374999999997 0.3974576271186441 0.027604166666666666 0.1711864406779661
1 0.14453125 0.3101694915254237 0.011979166666666666 0.04067796610169491
1 0.1125 0.29406779661016946 0.0125 0.0423728813559322
1 0.037760416666666664 0.28389830508474573 0.009895833333333333 0.0288135593220339
