2 0.7520833333333333 0.5533898305084746 0.04583333333333333 0.2694915254237288
0 0.14973958333333334 0.6177966101694915 0.03802083333333333 0.1135593220338983
0 0.06979166666666667 0.4694915254237288 0.025 0.0983050847457627
0 0.11432291666666666 0.4025423728813559 0.015104166666666667 0.06271186440677966
0 0.14973958333333334 0.3347457627118644 0.015104166666666667 0.0423728813559322
1 0.5869791666666666 0.5271186440677966 0.02395833333333333 0.0983050847457627
0 0.4393229166666667 0.43813559322033896 0.0203125 0.08983050847457627
0 0.35833333333333334 0.3847457627118644 0.013541666666666667 0.04406779661016949
0 0.8872395833333333 0.8677966101694915 0.03697916666666667 0.22033898305084745
1 0.34739583333333335 0.3330508474576271 0.010416666666666666 0.0423728813559322
1 0.32421875 0.29745762711864404 0.0109375 0.059322033898305086
1 0.2677083333333333 0.28983050847457625 0.009375 0.03389830508474576
1 0.196875 0.28220338983050847 0.008333333333333333 0.02542372881355932
0 0.17239583333333333 0.3093220338983051 0.015625 0.04576271186440678
0 0.14921875 0.30338983050847457 0.0078125 0.03728813559322034
0 0.0625 0.3 0.010416666666666666 0.03389830508474576
1 0.12890625 0.27796610169491526 0.009895833333333333 0.030508474576271184
1 0.049479166666666664 0.2771186440677966 0.007291666666666667 0.03220338983050847
