0 0.12161458333333333 0.5881355932203389 0.04114583333333333 0.12542372881355932
0 0.22578125 0.4491525423728813 0.021354166666666667 0.08813559322033898
0 0.29270833333333335 0.3593220338983051 0.014583333333333334 0.04406779661016949
0 0.325 0.33559322033898303 0.009375 0.05423728813559322
0 0.029427083333333333 0.3101694915254237 0.011979166666666666 0.04406779661016949
0 0.14609375 0.3059322033898305 0.008854166666666666 0.03559322033898305
0 0.23020833333333332 0.311864406779661 0.009375 0.02711864406779661
0 0.30625 0.3271186440677966 0.009375 0.03728813559322034
1 0.05078125 0.2872881355932203 0.0109375 0.03898305084745762
1 0.14635416666666667 0.2889830508474576 0.009375 0.02542372881355932
1 0.22864583333333333 0.288135593220339 0.011458333333333333 0.020338983050847456
1 0.2973958333333333 0.2906779661016949 0.009375 0.02542372881355932
1 0.3611979166666667 0.29915254237288136 0.009895833333333333 0.02542372881355932
1 0.42890625 0.3177966101694915 0.0109375 0.03559322033898305
1 0.48984374999999997 0.34576271186440677 0.013020833333333334 0.04406779661016949
1 0.5158854166666667 0.385593220338983 0.015104166666666667 0.05593220338983051
1 0.5278645833333333 0.4567796610169491 0.01614583333333333 0.07288135593220339
1 0.6546875 0.5872881355932204 0.029166666666666667 0.11016949152542373
