2 0.09166666666666666 0.30338983050847457 0.013541666666666667 0.10169491525423728
2 0.13151041666666666 0.27372881355932205 0.018229166666666668 0.06949152542372881
0 0.29609375 0.5754237288135593 0.0359375 0.1271186440677966
0 0.4075520833333333 0.4101694915254237 0.0171875 0.05084745762711864
0 0.4484375 0.3754237288135593 0.01875 0.04915254237288135
0 0.43203125 0.3559322033898305 0.0078125 0.04067796610169491
1 0.76796875 0.6525423728813559 0.03697916666666667 0.1288135593220339
0 0.71015625 0.4694915254237288 0.0171875 0.06779661016949153
0 0.6572916666666666 0.39999999999999997 0.020833333333333332 0.06779661016949153
0 0.5763020833333333 0.3542372881355932 0.01614583333333333 0.04745762711864407
0 0.49296875 0.3254237288135593 0.008854166666666666 0.03728813559322034
0 0.021875 0.31864406779661014 0.021875 0.04745762711864407
0 0.15364583333333334 0.3169491525423729 0.0125 0.04067796610169491
0 0.26510416666666664 0.31525423728813556 0.011458333333333333 0.03728813559322034
0 0.3497395833333333 0.32627118644067793 0.011979166666666666 0.03898305084745762
1 0.18541666666666667 0.29322033898305083 0.010416666666666666 0.03389830508474576
1 0.271875 0.2923728813559322 0.007291666666666667 0.03220338983050847
1 0.35442708333333334 0.29491525423728815 0.0078125 0.030508474576271184
1 0.42682291666666666 0.30254237288135594 0.0078125 0.02542372881355932
