2 0.061197916666666664 0.3008474576271186 0.022395833333333334 0.09999999999999999
0 0.3731770833333333 0.5169491525423728 0.022395833333333334 0.09152542372881356
0 0.43697916666666664 0.4398305084745763 0.021875 0.08305084745762711
0 0.41354166666666664 0.3932203389830508 0.014583333333333334 0.05423728813559322
0 0.31171875 0.35847457627118645 0.01614583333333333 0.06271186440677966
1 0.8463541666666666 0.6347457627118643 0.04791666666666666 0.13389830508474576
1 0.7234375 0.4694915254237288 0.019791666666666666 0.06779661016949153
1 0.5979166666666667 0.3864406779661017 0.016666666666666666 0.0576271186440678
1 0.49374999999999997 0.34576271186440677 0.010416666666666666 0.04745762711864407
1 0.4140625 0.3254237288135593 0.013541666666666667 0.05084745762711864
1 0.3268229166666667 0.3254237288135593 0.0109375 0.06440677966101695
0 0.20989583333333334 0.3423728813559322 0.015625 0.04067796610169491
1 0.125 0.3059322033898305 0.0125 0.04915254237288135
1 0.23203125 0.3008474576271186 0.01614583333333333 0.05254237288135593
