0 0.071875 0.871186440677966 0.06770833333333333 0.2135593220338983
0 0.2721354166666667 0.5669491525423729 0.0296875 0.1135593220338983
0 0.25234375 0.45508474576271185 0.024479166666666666 0.07627118644067796
0 0.11510416666666666 0.39915254237288134 0.02395833333333333 0.07966101694915254
1 0.017447916666666667 0.3211864406779661 0.0171875 0.04915254237288135
1 0.16223958333333333 0.32627118644067793 0.01614583333333333 0.05593220338983051
1 0.2752604166666667 0.33644067796610166 0.0140625 0.0423728813559322
1 0.38125 0.3601694915254237 0.020833333333333332 0.05254237288135593
1 0.51484375 0.42457627118644065 0.0265625 0.07288135593220339
1 0.7106770833333333 0.5610169491525424 0.0328125 0.1152542372881356
