1 0.11875 0.6211864406779661 0.06354166666666666 0.1983050847457627
1 0.37526041666666665 0.2330508474576271 0.0234375 0.07627118644067796
1 0.4348958333333333 0.15338983050847457 0.014583333333333334 0.05254237288135593
1 0.5190104166666667 0.11864406779661017 0.009895833333333333 0.04067796610169491
1 0.6140625 0.10254237288135593 0.007291666666666667 0.03559322033898305
1 0.6854166666666667 0.10338983050847457 0.00625 0.030508474576271184
1 0.7841145833333333 0.11610169491525424 0.0067708333333333336 0.0288135593220339
1 0.890625 0.13728813559322034 0.007291666666666667 0.02711864406779661
0 0.9106770833333333 0.15508474576271186 0.008854166666666666 0.03220338983050847
0 0.7690104166666667 0.1330508474576271 0.008854166666666666 0.03559322033898305
0 0.7059895833333333 0.1330508474576271 0.008854166666666666 0.03559322033898305
0 0.6299479166666666 0.14661016949152542 0.011979166666666666 0.04576271186440678
0 0.60859375 0.18389830508474575 0.013020833333333334 0.05254237288135593
0 0.6388020833333333 0.2754237288135593 0.021354166666666667 0.07966101694915254
0 0.8273437499999999 0.6838983050847457 0.04635416666666667 0.18135593220338983
