2 0.7794270833333333 0.6686440677966101 0.06614583333333333 0.38813559322033897
1 0.6515625 0.6288135593220339 0.03229166666666666 0.13559322033898305
1 0.48932291666666666 0.44152542372881354 0.01614583333333333 0.08644067796610169
1 0.3802083333333333 0.3686440677966102 0.013541666666666667 0.04915254237288135
1 0.31536458333333334 0.33559322033898303 0.0109375 0.04406779661016949
1 0.2559895833333333 0.3220338983050847 0.011979166666666666 0.04406779661016949
0 0.09661458333333334 0.6076271186440678 0.03697916666666667 0.13389830508474576
0 0.14088541666666665 0.4559322033898305 0.013020833333333334 0.07457627118644068
0 0.13229166666666667 0.373728813559322 0.022916666666666665 0.06610169491525424
0 0.08776041666666666 0.3440677966101695 0.011979166666666666 0.04406779661016949
0 0.034375 0.3313559322033898 0.019791666666666666 0.06271186440677966
2 0.029947916666666668 0.7067796610169491 0.057812499999999996 0.4779661016949152
1 0.19166666666666665 0.2966101694915254 0.009375 0.04745762711864407
1 0.12213541666666666 0.28135593220338984 0.01614583333333333 0.03728813559322034
1 0.05546875 0.27288135593220336 0.009895833333333333 0.04067796610169491
