0 0.20598958333333334 0.597457627118644 0.03697916666666667 0.13050847457627118
0 0.24869791666666666 0.4330508474576271 0.0203125 0.08644067796610169
0 0.22447916666666667 0.376271186440678 0.017708333333333333 0.0576271186440678
0 0.19427083333333334 0.3296610169491525 0.013541666666666667 0.05593220338983051
0 0.140625 0.2983050847457627 0.0125 0.06440677966101695
0 0.06536458333333334 0.29745762711864404 0.0109375 0.05254237288135593
1 0.0067708333333333336 0.2745762711864407 0.009375 0.030508474576271184
1 0.09479166666666666 0.2745762711864407 0.010416666666666666 0.03728813559322034
1 0.16432291666666665 0.2796610169491525 0.013020833333333334 0.04067796610169491
1 0.22838541666666667 0.2906779661016949 0.013020833333333334 0.03898305084745762
1 0.2830729166666667 0.2983050847457627 0.009895833333333333 0.04406779661016949
1 0.34479166666666666 0.3169491525423729 0.016666666666666666 0.04406779661016949
1 0.4067708333333333 0.34491525423728814 0.019791666666666666 0.05254237288135593
1 0.4708333333333333 0.37796610169491524 0.019791666666666666 0.0711864406779661
1 0.5533854166666666 0.44237288135593217 0.022395833333333334 0.07796610169491525
1 0.7359375 0.6008474576271187 0.03229166666666666 0.09999999999999999
