0 0.13671875 0.873728813559322 0.06927083333333334 0.21864406779661016
0 0.2669270833333333 0.5169491525423728 0.030729166666666665 0.0983050847457627
0 0.2578125 0.4101694915254237 0.025 0.06101694915254237
0 0.23385416666666667 0.3466101694915254 0.025 0.04576271186440678
0 0.18723958333333332 0.3228813559322034 0.018229166666666668 0.06610169491525424
0 0.11380208333333333 0.31101694915254235 0.011979166666666666 0.04576271186440678
0 0.03307291666666667 0.3008474576271186 0.013020833333333334 0.0423728813559322
1 0.07161458333333333 0.2872881355932203 0.008854166666666666 0.0423728813559322
1 0.15338541666666666 0.2872881355932203 0.009895833333333333 0.0423728813559322
1 0.21875 0.2923728813559322 0.009375 0.03220338983050847
1 0.28151041666666665 0.30338983050847457 0.011979166666666666 0.04406779661016949
1 0.33828125 0.31864406779661014 0.01614583333333333 0.05084745762711864
1 0.4010416666666667 0.34576271186440677 0.014583333333333334 0.04745762711864407
1 0.471875 0.38728813559322034 0.019791666666666666 0.06271186440677966
1 0.5515625 0.4288135593220339 0.02395833333333333 0.08813559322033898
1 0.6721354166666667 0.5576271186440678 0.0359375 0.11864406779661017
