0 0.21562499999999998 0.6491525423728813 0.042708333333333334 0.1423728813559322
0 0.24010416666666667 0.4754237288135593 0.030208333333333334 0.09322033898305085
0 0.23046875 0.373728813559322 0.022395833333333334 0.05593220338983051
0 0.18723958333333332 0.3466101694915254 0.0203125 0.06610169491525424
0 0.11119791666666666 0.32457627118644067 0.0140625 0.05254237288135593
0 0.028906249999999998 0.311864406779661 0.01614583333333333 0.04745762711864407
1 0.07838541666666667 0.2983050847457627 0.015104166666666667 0.04067796610169491
1 0.16223958333333333 0.2983050847457627 0.009895833333333333 0.04745762711864407
1 0.23203125 0.29745762711864404 0.015104166666666667 0.03898305084745762
1 0.29609375 0.3177966101694915 0.015104166666666667 0.05254237288135593
1 0.3559895833333333 0.3330508474576271 0.019270833333333334 0.04576271186440678
1 0.425 0.3644067796610169 0.022916666666666665 0.08135593220338982
1 0.50859375 0.4194915254237288 0.030729166666666665 0.08644067796610169
1 0.6125 0.5076271186440677 0.03125 0.09322033898305085
1 0.8213541666666666 0.7457627118644068 0.05625 0.17966101694915254
