0 0.0296875 0.9508474576271186 0.03854166666666667 0.0983050847457627
0 0.19192708333333333 0.5694915254237288 0.034895833333333334 0.1152542372881356
0 0.21927083333333333 0.411864406779661 0.019791666666666666 0.0847457627118644
0 0.17916666666666667 0.36186440677966103 0.019791666666666666 0.05593220338983051
0 0.10364583333333333 0.3347457627118644 0.014583333333333334 0.04915254237288135
0 0.022916666666666665 0.311864406779661 0.011458333333333333 0.0576271186440678
1 0.08645833333333333 0.2957627118644068 0.010416666666666666 0.03220338983050847
1 0.17265625 0.3 0.008854166666666666 0.03728813559322034
1 0.24505208333333334 0.3093220338983051 0.0171875 0.0423728813559322
1 0.309375 0.3254237288135593 0.013541666666666667 0.0576271186440678
1 0.375 0.3483050847457627 0.009375 0.05593220338983051
1 0.4549479166666667 0.40084745762711865 0.0234375 0.07288135593220339
1 0.5596354166666666 0.48559322033898306 0.028645833333333332 0.09999999999999999
1 0.7203125 0.6305084745762711 0.034375 0.15254237288135591
