0 0.12734375 0.7872881355932203 0.04739583333333333 0.17457627118644067
0 0.24036458333333333 0.4703389830508474 0.022395833333333334 0.08983050847457627
0 0.21197916666666666 0.3974576271186441 0.022916666666666665 0.06271186440677966
0 0.14375 0.35677966101694913 0.01875 0.04576271186440678
0 0.0703125 0.3347457627118644 0.017708333333333333 0.05254237288135593
1 0.04010416666666666 0.3016949152542373 0.0125 0.03389830508474576
1 0.14244791666666667 0.3042372881355932 0.0109375 0.04576271186440678
1 0.22942708333333334 0.31610169491525425 0.0140625 0.03559322033898305
1 0.29921875 0.3254237288135593 0.0171875 0.05084745762711864
1 0.36875 0.35338983050847456 0.015625 0.05254237288135593
1 0.440625 0.38305084745762713 0.017708333333333333 0.0711864406779661
1 0.5364583333333334 0.46355932203389827 0.025 0.08983050847457627
1 0.6971354166666667 0.6338983050847458 0.03802083333333333 0.13898305084745763
