0 0.23984375 0.5694915254237288 0.034895833333333334 0.11186440677966102
0 0.23046875 0.435593220338983 0.0234375 0.06101694915254237
0 0.103125 0.34915254237288135 0.015625 0.0576271186440678
2 0.040625 0.27796610169491526 0.020833333333333332 0.08135593220338982
1 0.08880208333333334 0.30677966101694915 0.008854166666666666 0.03728813559322034
1 0.19010416666666666 0.311864406779661 0.010416666666666666 0.04406779661016949
1 0.2765625 0.32457627118644067 0.013541666666666667 0.04576271186440678
1 0.34869791666666666 0.34152542372881356 0.015104166666666667 0.04915254237288135
1 0.4244791666666667 0.37457627118644066 0.016666666666666666 0.06101694915254237
1 0.51015625 0.42033898305084744 0.024479166666666666 0.0847457627118644
1 0.6489583333333333 0.5703389830508474 0.035416666666666666 0.1271186440677966
