1 0.028906249999999998 0.7694915254237288 0.057812499999999996 0.2271186440677966
1 0.36223958333333334 0.25254237288135595 0.022395833333333334 0.0847457627118644
1 0.43072916666666666 0.16016949152542373 0.016666666666666666 0.05593220338983051
1 0.5197916666666667 0.12288135593220338 0.010416666666666666 0.0423728813559322
1 0.6177083333333333 0.10932203389830508 0.007291666666666667 0.03559322033898305
1 0.6895833333333333 0.11016949152542373 0.00625 0.030508474576271184
1 0.7916666666666666 0.12203389830508474 0.007291666666666667 0.030508474576271184
1 0.8986979166666667 0.14576271186440679 0.008854166666666666 0.030508474576271184
0 0.9065104166666667 0.8601694915254237 0.0609375 0.23220338983050848
0 0.6518229166666667 0.30254237288135594 0.0234375 0.08305084745762711
0 0.6143229166666666 0.19915254237288135 0.0140625 0.059322033898305086
0 0.6354166666666666 0.15338983050847457 0.010416666666666666 0.0423728813559322
0 0.7130208333333333 0.14067796610169492 0.009375 0.03728813559322034
0 0.7768229166666667 0.14067796610169492 0.008854166666666666 0.03389830508474576
0 0.9231770833333334 0.16440677966101694 0.008854166666666666 0.03389830508474576
