0 0.17916666666666667 0.7542372881355932 0.052083333333333336 0.18983050847457628
0 0.21848958333333332 0.4940677966101695 0.025520833333333333 0.09999999999999999
0 0.16145833333333334 0.4076271186440678 0.025 0.09322033898305085
0 0.10598958333333333 0.35847457627118645 0.022395833333333334 0.06271186440677966
1 0.11119791666666666 0.3169491525423729 0.013020833333333334 0.04067796610169491
1 0.2125 0.32372881355932204 0.011458333333333333 0.04745762711864407
1 0.30104166666666665 0.33728813559322035 0.014583333333333334 0.05084745762711864
1 0.38046875 0.36101694915254234 0.013020833333333334 0.05084745762711864
1 0.465625 0.41694915254237286 0.025 0.07457627118644068
1 0.57578125 0.4949152542372881 0.027604166666666666 0.10508474576271186
1 0.81484375 0.8033898305084746 0.05677083333333333 0.18983050847457628
2 0.05963541666666666 0.28389830508474573 0.019270833333333334 0.09999999999999999
