0 0.15520833333333334 0.6271186440677966 0.04583333333333333 0.14576271186440679
0 0.12864583333333332 0.45847457627118643 0.027083333333333334 0.10338983050847457
0 0.08203125 0.3949152542372881 0.025520833333333333 0.06779661016949153
2 0.058854166666666666 0.3016949152542373 0.026041666666666668 0.08135593220338982
1 0.11197916666666667 0.33220338983050846 0.014583333333333334 0.05423728813559322
1 0.21640625 0.34491525423728814 0.0171875 0.05593220338983051
1 0.3140625 0.3652542372881356 0.01875 0.04576271186440678
1 0.40130208333333334 0.40084745762711865 0.021354166666666667 0.059322033898305086
1 0.50390625 0.48389830508474574 0.0265625 0.08983050847457627
1 0.6630208333333333 0.6313559322033898 0.036458333333333336 0.14067796610169492
