2 0.11458333333333333 0.3135593220338983 0.030208333333333334 0.1152542372881356
0 0.11302083333333333 0.559322033898305 0.017708333333333333 0.0983050847457627
0 0.10208333333333333 0.435593220338983 0.01875 0.05423728813559322
1 0.3645833333333333 0.39576271186440676 0.009375 0.05254237288135593
1 0.2635416666666667 0.3559322033898305 0.015625 0.04067796610169491
1 0.15885416666666666 0.34576271186440677 0.016666666666666666 0.06101694915254237
1 0.4674479166666667 0.4576271186440678 0.0234375 0.07796610169491525
1 0.6114583333333333 0.6067796610169491 0.02395833333333333 0.11864406779661017
0 0.06276041666666667 0.8949152542372881 0.0484375 0.21016949152542372
1 0.017708333333333333 0.32372881355932204 0.015625 0.0576271186440678
1 0.9197916666666667 0.9372881355932203 0.051041666666666666 0.12542372881355932
