0 0.0703125 0.6906779661016949 0.042708333333333334 0.1542372881355932
0 0.0296875 0.4025423728813559 0.022916666666666665 0.07288135593220339
0 0.12109375 0.4771186440677966 0.0296875 0.10338983050847457
1 0.08541666666666667 0.32627118644067793 0.016666666666666666 0.07288135593220339
1 0.2203125 0.3542372881355932 0.015625 0.05423728813559322
1 0.32760416666666664 0.3813559322033898 0.019791666666666666 0.06779661016949153
1 0.4427083333333333 0.43728813559322033 0.02395833333333333 0.0711864406779661
1 0.5721354166666667 0.5516949152542373 0.033854166666666664 0.11694915254237288
1 0.84140625 0.8966101694915254 0.06197916666666667 0.20677966101694914
2 0.175 0.31610169491525425 0.03229166666666666 0.09999999999999999
