0 0.17734375 0.7008474576271186 0.0546875 0.1711864406779661
0 0.16744791666666667 0.46779661016949153 0.028645833333333332 0.09152542372881356
0 0.07395833333333333 0.3974576271186441 0.019791666666666666 0.06271186440677966
2 0.058854166666666666 0.40423728813559323 0.04479166666666667 0.19152542372881357
1 0.07734375 0.31271186440677967 0.01614583333333333 0.0423728813559322
1 0.18671875 0.3296610169491525 0.01614583333333333 0.03898305084745762
1 0.28072916666666664 0.3525423728813559 0.01875 0.04745762711864407
1 0.41510416666666666 0.4110169491525424 0.014583333333333334 0.06949152542372881
1 0.5567708333333333 0.5016949152542373 0.027083333333333334 0.10847457627118644
1 0.7875 0.711864406779661 0.04375 0.1966101694915254
2 0.3690104166666667 0.34491525423728814 0.030729166666666665 0.12033898305084745
