2 0.05859375 0.46779661016949153 0.043229166666666666 0.2406779661016949
2 0.44895833333333335 0.39576271186440676 0.021875 0.16440677966101694
0 0.178125 0.5754237288135593 0.035416666666666666 0.13728813559322034
0 0.10078125 0.44661016949152543 0.01614583333333333 0.08644067796610169
1 0.7278645833333334 0.6813559322033899 0.03697916666666667 0.13220338983050847
1 0.5065104166666666 0.48559322033898306 0.0203125 0.06949152542372881
1 0.3484375 0.3923728813559322 0.011458333333333333 0.05593220338983051
1 0.25104166666666666 0.3483050847457627 0.007291666666666667 0.059322033898305086
1 0.14140625 0.34152542372881356 0.011979166666666666 0.04576271186440678
0 0.01171875 0.3932203389830508 0.019270833333333334 0.0711864406779661
1 0.016927083333333332 0.31864406779661014 0.0140625 0.04067796610169491
