0 0.12447916666666667 0.7423728813559322 0.051041666666666666 0.17288135593220338
2 0.015885416666666666 0.6042372881355932 0.030729166666666665 0.2288135593220339
0 0.020833333333333332 0.42966101694915254 0.028125 0.09999999999999999
0 0.09140625 0.5033898305084745 0.0296875 0.1152542372881356
1 0.06510416666666667 0.3338983050847458 0.020833333333333332 0.04745762711864407
1 0.1875 0.3432203389830508 0.014583333333333334 0.05254237288135593
1 0.29375 0.37966101694915255 0.015625 0.05423728813559322
1 0.39947916666666666 0.44661016949152543 0.021875 0.06949152542372881
2 0.5260416666666666 0.44237288135593217 0.03854166666666667 0.1966101694915254
1 0.6067708333333334 0.6110169491525423 0.036458333333333336 0.11694915254237288
