1 0.34765625 0.2711864406779661 0.0234375 0.09152542372881356
1 0.42343749999999997 0.16864406779661018 0.016666666666666666 0.059322033898305086
1 0.5182291666666666 0.12627118644067797 0.011458333333333333 0.04576271186440678
1 0.61796875 0.10932203389830508 0.008854166666666666 0.03559322033898305
1 0.6919270833333333 0.10762711864406779 0.0067708333333333336 0.0288135593220339
1 0.7955729166666666 0.12118644067796609 0.0067708333333333336 0.03220338983050847
1 0.9052083333333333 0.1440677966101695 0.009375 0.02711864406779661
0 0.9307291666666666 0.1669491525423729 0.010416666666666666 0.03559322033898305
0 0.6606770833333333 0.32457627118644067 0.025520833333333333 0.09322033898305085
0 0.6171875 0.20254237288135593 0.014583333333333334 0.06271186440677966
0 0.6385416666666667 0.1542372881355932 0.011458333333333333 0.04745762711864407
0 0.71796875 0.13983050847457626 0.009895833333333333 0.03898305084745762
0 0.78203125 0.1423728813559322 0.009895833333333333 0.03389830508474576
