2 0.41328125 0.38389830508474576 0.028645833333333332 0.18135593220338983
1 0.6338541666666666 0.6491525423728813 0.04479166666666667 0.17288135593220338
1 0.44635416666666666 0.47203389830508474 0.02395833333333333 0.10338983050847457
1 0.32369791666666664 0.3923728813559322 0.0203125 0.08983050847457627
1 0.21666666666666667 0.3677966101694915 0.021875 0.07796610169491525
1 0.1390625 0.3440677966101695 0.015625 0.0576271186440678
1 0.11875 0.31525423728813556 0.014583333333333334 0.05423728813559322
1 0.08515625 0.3008474576271186 0.011979166666666666 0.04576271186440678
1 0.009114583333333334 0.2923728813559322 0.009895833333333333 0.0423728813559322
0 0.03125 0.46694915254237285 0.03125 0.11694915254237288
0 0.021354166666666667 0.6186440677966102 0.040625 0.16610169491525423
