2 0.5703125 0.4483050847457627 0.0375 0.21864406779661016
2 0.02109375 0.5838983050847457 0.04114583333333333 0.21864406779661016
0 0.023697916666666666 0.8135593220338982 0.0453125 0.20677966101694914
0 0.11744791666666667 0.5228813559322034 0.0421875 0.12372881355932203
0 0.013020833333333334 0.423728813559322 0.02395833333333333 0.0847457627118644
0 0.03723958333333333 0.3711864406779661 0.022395833333333334 0.07457627118644068
0 0.052083333333333336 0.3016949152542373 0.007291666666666667 0.030508474576271184
0 0.059375 0.3271186440677966 0.011458333333333333 0.05084745762711864
0 0.08072916666666667 0.31101694915254235 0.011458333333333333 0.03898305084745762
1 0.021614583333333333 0.27627118644067794 0.011979166666666666 0.03728813559322034
1 0.10026041666666667 0.2805084745762712 0.009895833333333333 0.03559322033898305
1 0.17552083333333332 0.2906779661016949 0.011458333333333333 0.03898305084745762
1 0.23411458333333332 0.3042372881355932 0.009895833333333333 0.0423728813559322
1 0.2596354166666667 0.31949152542372883 0.0109375 0.04915254237288135
1 0.2708333333333333 0.35338983050847456 0.014583333333333334 0.05593220338983051
1 0.3442708333333333 0.3889830508474576 0.017708333333333333 0.07288135593220339
1 0.45807291666666666 0.44576271186440675 0.019270833333333334 0.08813559322033898
1 0.6216145833333333 0.6033898305084746 0.030729166666666665 0.1423728813559322
