1 0.0049479166666666664 0.27288135593220336 0.0078125 0.03728813559322034
1 0.0984375 0.27627118644067794 0.009375 0.03728813559322034
0 0.01614583333333333 0.2906779661016949 0.011458333333333333 0.0423728813559322
0 0.10963541666666667 0.2923728813559322 0.008854166666666666 0.03559322033898305
1 0.17265625 0.2754237288135593 0.0109375 0.0423728813559322
0 0.190625 0.3008474576271186 0.010416666666666666 0.03220338983050847
0 0.18776041666666665 0.3338983050847458 0.013020833333333334 0.05084745762711864
0 0.21145833333333333 0.31525423728813556 0.0125 0.04745762711864407
0 0.15130208333333334 0.3906779661016949 0.01614583333333333 0.07288135593220339
0 0.10520833333333333 0.461864406779661 0.03125 0.10338983050847457
0 0.17083333333333334 0.6245762711864407 0.04479166666666667 0.16779661016949152
1 0.23802083333333332 0.2796610169491525 0.009375 0.03728813559322034
1 0.30494791666666665 0.2957627118644068 0.011979166666666666 0.03898305084745762
1 0.35885416666666664 0.31101694915254235 0.009375 0.04576271186440678
1 0.3809895833333333 0.3347457627118644 0.011979166666666666 0.05593220338983051
1 0.38958333333333334 0.37966101694915255 0.014583333333333334 0.06101694915254237
1 0.46822916666666664 0.4347457627118644 0.021875 0.09322033898305085
1 0.6145833333333334 0.5330508474576271 0.03229166666666666 0.13389830508474576
2 0.790625 0.5796610169491525 0.06875 0.3559322033898305
1 0.9502604166666666 0.9228813559322033 0.0453125 0.1542372881355932
