1 0.7859375 0.7237288135593221 0.052083333333333336 0.19322033898305085
1 0.5526041666666667 0.5161016949152543 0.03125 0.11016949152542373
1 0.4552083333333333 0.42118644067796607 0.017708333333333333 0.07288135593220339
1 0.44635416666666666 0.36101694915254234 0.014583333333333334 0.0576271186440678
1 0.42421875 0.3271186440677966 0.009895833333333333 0.04406779661016949
1 0.3684895833333333 0.3059322033898305 0.0109375 0.03898305084745762
1 0.30078125 0.2889830508474576 0.008854166666666666 0.03559322033898305
1 0.2375 0.28135593220338984 0.008333333333333333 0.030508474576271184
1 0.16380208333333332 0.28220338983050847 0.0078125 0.0288135593220339
1 0.07604166666666666 0.28220338983050847 0.007291666666666667 0.03559322033898305
0 0.08098958333333334 0.3 0.0078125 0.03389830508474576
0 0.16953125 0.30508474576271183 0.0078125 0.03728813559322034
0 0.24739583333333334 0.31271186440677967 0.011458333333333333 0.04915254237288135
0 0.26588541666666665 0.3305084745762712 0.011979166666666666 0.05084745762711864
0 0.23567708333333334 0.35 0.0140625 0.04915254237288135
0 0.17838541666666666 0.42203389830508475 0.019270833333333334 0.09152542372881356
0 0.09401041666666667 0.5330508474576271 0.0390625 0.11694915254237288
0 0.08385416666666666 0.8923728813559322 0.075 0.21525423728813559
