1 0.32708333333333334 0.3008474576271186 0.027083333333333334 0.08983050847457627
1 0.41510416666666666 0.17966101694915254 0.017708333333333333 0.06101694915254237
1 0.51328125 0.1347457627118644 0.011979166666666666 0.04576271186440678
1 0.61640625 0.11694915254237288 0.008854166666666666 0.03728813559322034
1 0.6921875 0.11694915254237288 0.007291666666666667 0.03389830508474576
1 0.7963541666666667 0.12966101694915255 0.00625 0.0288135593220339
1 0.90859375 0.15084745762711865 0.0078125 0.030508474576271184
0 0.9359375 0.17372881355932202 0.010416666666666666 0.03559322033898305
0 0.78515625 0.14915254237288136 0.009895833333333333 0.03389830508474576
0 0.7192708333333333 0.15 0.011458333333333333 0.03898305084745762
0 0.6393229166666666 0.16779661016949152 0.015104166666666667 0.05084745762711864
0 0.61953125 0.22033898305084745 0.018229166666666668 0.06440677966101695
0 0.67109375 0.36186440677966103 0.0296875 0.09999999999999999
