1 0.01328125 0.2864406779661017 0.0109375 0.04406779661016949
1 0.11927083333333333 0.2864406779661017 0.010416666666666666 0.04745762711864407
1 0.20651041666666667 0.2805084745762712 0.0078125 0.0288135593220339
1 0.2872395833333333 0.2864406779661017 0.0078125 0.03389830508474576
1 0.35546875 0.2906779661016949 0.0067708333333333336 0.03220338983050847
1 0.4184895833333333 0.3 0.0078125 0.030508474576271184
1 0.48932291666666666 0.31949152542372883 0.009895833333333333 0.03898305084745762
1 0.55234375 0.3542372881355932 0.013020833333333334 0.06101694915254237
1 0.5822916666666667 0.40338983050847455 0.01875 0.07457627118644068
1 0.5971354166666667 0.4957627118644068 0.024479166666666666 0.10338983050847457
0 0.11302083333333333 0.6525423728813559 0.05416666666666667 0.17627118644067796
0 0.259375 0.4745762711864407 0.02395833333333333 0.10169491525423728
0 0.3424479166666667 0.3720338983050847 0.01614583333333333 0.07288135593220339
0 0.378125 0.34067796610169493 0.013541666666666667 0.0576271186440678
0 0.36041666666666666 0.3305084745762712 0.011458333333333333 0.04745762711864407
2 0.06614583333333333 0.2652542372881356 0.015625 0.08983050847457627
2 0.029947916666666668 0.2889830508474576 0.015104166666666667 0.08644067796610169
1 0.7638020833333333 0.7059322033898305 0.0484375 0.1847457627118644
