0 0.07291666666666667 0.31949152542372883 0.013541666666666667 0.04915254237288135
0 0.0609375 0.8991525423728813 0.0625 0.20169491525423727
0 0.32708333333333334 0.5635593220338982 0.03125 0.13728813559322034
0 0.19375 0.311864406779661 0.0125 0.04067796610169491
0 0.29921875 0.31610169491525425 0.011979166666666666 0.0423728813559322
0 0.3815104166666667 0.32457627118644067 0.009895833333333333 0.0423728813559322
0 0.4380208333333333 0.4076271186440678 0.017708333333333333 0.07627118644067796
0 0.4614583333333333 0.3516949152542373 0.0125 0.059322033898305086
0 0.48072916666666665 0.376271186440678 0.015625 0.06101694915254237
2 0.13515625 0.29491525423728815 0.019270833333333334 0.10169491525423728
2 0.17447916666666666 0.2711864406779661 0.01875 0.08813559322033898
1 0.22317708333333333 0.2957627118644068 0.009895833333333333 0.05254237288135593
1 0.30703125 0.2906779661016949 0.008854166666666666 0.03220338983050847
1 0.38671875 0.29745762711864404 0.011979166666666666 0.03559322033898305
1 0.45703125 0.30677966101694915 0.009895833333333333 0.04406779661016949
1 0.525 0.31949152542372883 0.010416666666666666 0.04576271186440678
1 0.6046875 0.34915254237288135 0.013541666666666667 0.0576271186440678
1 0.684375 0.3932203389830508 0.015625 0.0711864406779661
1 0.73359375 0.4711864406779661 0.024479166666666666 0.09491525423728814
1 0.7885416666666667 0.6423728813559322 0.041666666666666664 0.14915254237288136
