0 0.22682291666666665 0.7745762711864407 0.05364583333333333 0.22372881355932203
0 0.4197916666666667 0.48389830508474574 0.027083333333333334 0.09661016949152543
0 0.471875 0.4177966101694915 0.015625 0.07288135593220339
0 0.45 0.3864406779661017 0.013541666666666667 0.06101694915254237
0 0.35963541666666665 0.3525423728813559 0.0140625 0.05423728813559322
0 0.26536458333333335 0.3423728813559322 0.01614583333333333 0.05423728813559322
0 0.14427083333333332 0.3423728813559322 0.016666666666666666 0.0576271186440678
2 0.07239583333333333 0.31610169491525425 0.02395833333333333 0.1271186440677966
1 0.07760416666666667 0.31440677966101693 0.008333333333333333 0.04915254237288135
1 0.18489583333333334 0.31271186440677967 0.016666666666666666 0.04915254237288135
2 0.13125 0.2906779661016949 0.014583333333333334 0.08983050847457627
1 0.2794270833333333 0.31440677966101693 0.011979166666666666 0.0423728813559322
1 0.36692708333333335 0.311864406779661 0.0109375 0.02711864406779661
1 0.44557291666666665 0.32627118644067793 0.01614583333333333 0.04576271186440678
1 0.5231770833333333 0.3432203389830508 0.013020833333333334 0.04576271186440678
1 0.61484375 0.37881355932203387 0.01614583333333333 0.059322033898305086
1 0.71953125 0.44745762711864406 0.018229166666666668 0.07796610169491525
1 0.809375 0.5584745762711865 0.030208333333333334 0.1271186440677966
