0 0.008072916666666666 0.3550847457627119 0.015104166666666667 0.06610169491525424
0 0.16380208333333332 0.3508474576271186 0.0265625 0.0711864406779661
0 0.27682291666666664 0.35762711864406777 0.015104166666666667 0.06101694915254237
0 0.3286458333333333 0.5457627118644067 0.029166666666666667 0.1288135593220339
0 0.3809895833333333 0.40084745762711865 0.0234375 0.07288135593220339
0 0.40703125 0.4516949152542373 0.0203125 0.10677966101694915
2 0.005989583333333333 0.29915254237288136 0.0109375 0.09322033898305085
1 0.07395833333333333 0.3084745762711864 0.014583333333333334 0.04406779661016949
1 0.18880208333333334 0.3084745762711864 0.0109375 0.0576271186440678
1 0.29322916666666665 0.31271186440677967 0.0125 0.04915254237288135
1 0.38307291666666665 0.3228813559322034 0.0140625 0.04576271186440678
1 0.46901041666666665 0.3389830508474576 0.0140625 0.06101694915254237
1 0.5755208333333334 0.385593220338983 0.017708333333333333 0.06949152542372881
1 0.70625 0.4779661016949152 0.022916666666666665 0.0983050847457627
1 0.8565104166666666 0.6669491525423729 0.0390625 0.16440677966101694
