0 0.018489583333333334 0.37881355932203387 0.027604166666666666 0.08644067796610169
0 0.16354166666666667 0.3906779661016949 0.020833333333333332 0.07288135593220339
0 0.28802083333333334 0.4440677966101695 0.022916666666666665 0.0847457627118644
0 0.31145833333333334 0.5279661016949152 0.025 0.12372881355932203
0 0.1703125 0.7194915254237287 0.053125 0.19152542372881357
1 0.06927083333333334 0.3288135593220339 0.01875 0.06101694915254237
1 0.19739583333333333 0.3271186440677966 0.016666666666666666 0.06440677966101695
1 0.30390625 0.33220338983050846 0.013020833333333334 0.05423728813559322
1 0.40182291666666664 0.35847457627118645 0.0203125 0.06271186440677966
1 0.525 0.4059322033898305 0.020833333333333332 0.07966101694915254
1 0.6921875 0.5271186440677966 0.026041666666666668 0.12542372881355932
1 0.9661458333333334 0.8847457627118643 0.057291666666666664 0.2305084745762712
