0 0.3020833333333333 0.3389830508474576 0.034375 0.12203389830508474
0 0.40260416666666665 0.19406779661016949 0.01875 0.06610169491525424
0 0.5080729166666667 0.1423728813559322 0.013020833333333334 0.04745762711864407
0 0.6138020833333333 0.12118644067796609 0.008854166666666666 0.03559322033898305
0 0.68984375 0.12203389830508474 0.0067708333333333336 0.030508474576271184
0 0.7963541666666667 0.1347457627118644 0.007291666666666667 0.0288135593220339
0 0.9093749999999999 0.15762711864406778 0.008333333333333333 0.030508474576271184
1 0.9393229166666667 0.18389830508474575 0.009895833333333333 0.03220338983050847
1 0.7861979166666666 0.15762711864406778 0.009895833333333333 0.03728813559322034
1 0.71953125 0.15847457627118644 0.0109375 0.03898305084745762
1 0.6401041666666667 0.17796610169491525 0.015625 0.05084745762711864
1 0.6192708333333333 0.2364406779661017 0.015625 0.06949152542372881
1 0.68203125 0.40084745762711865 0.0328125 0.12033898305084745
