2 0.4752604166666667 0.4144067796610169 0.03697916666666667 0.21864406779661016
2 0.07135416666666666 0.47966101694915253 0.05 0.27796610169491526
1 0.8299479166666667 0.7728813559322034 0.049479166666666664 0.19999999999999998
1 0.57421875 0.5279661016949152 0.030729166666666665 0.12033898305084745
1 0.4140625 0.4347457627118644 0.022916666666666665 0.08983050847457627
1 0.2955729166666667 0.3677966101694915 0.015104166666666667 0.07457627118644068
1 0.18697916666666667 0.33644067796610166 0.014583333333333334 0.05593220338983051
1 0.10625 0.3254237288135593 0.016666666666666666 0.05423728813559322
1 0.024479166666666666 0.3101694915254237 0.015625 0.05084745762711864
0 0.008072916666666666 0.4228813559322034 0.015104166666666667 0.10338983050847457
0 0.0828125 0.6720338983050848 0.04791666666666666 0.16440677966101694
0 0.04583333333333333 0.4872881355932203 0.025 0.09661016949152543
