0 0.031510416666666666 0.3525423728813559 0.0203125 0.0711864406779661
0 0.09114583333333333 0.38305084745762713 0.02395833333333333 0.0711864406779661
0 0.12604166666666666 0.4525423728813559 0.022916666666666665 0.09491525423728814
0 0.13046875 0.5864406779661017 0.034895833333333334 0.1288135593220339
2 0.10078125 0.6576271186440678 0.07552083333333333 0.43050847457627117
2 0.7135416666666666 0.5576271186440678 0.0625 0.34915254237288135
1 0.04635416666666667 0.29152542372881357 0.014583333333333334 0.04745762711864407
1 0.12786458333333334 0.3076271186440678 0.018229166666666668 0.05254237288135593
1 0.19973958333333333 0.32627118644067793 0.01614583333333333 0.05254237288135593
1 0.2661458333333333 0.33728813559322035 0.013541666666666667 0.05423728813559322
1 0.3390625 0.37033898305084745 0.016666666666666666 0.06949152542372881
1 0.45416666666666666 0.4177966101694915 0.02395833333333333 0.08983050847457627
1 0.6057291666666667 0.5491525423728814 0.03333333333333333 0.12542372881355932
1 0.9210937499999999 0.8279661016949152 0.057812499999999996 0.21525423728813559
