0 0.09375 0.8889830508474577 0.08020833333333333 0.22203389830508474
0 0.19661458333333334 0.5601694915254237 0.0359375 0.14067796610169492
0 0.20260416666666667 0.42966101694915254 0.026041666666666668 0.07966101694915254
0 0.16276041666666666 0.3813559322033898 0.018229166666666668 0.06101694915254237
0 0.11640625 0.3338983050847458 0.015104166666666667 0.06101694915254237
0 0.053125 0.3220338983050847 0.015625 0.06101694915254237
1 0.9786458333333333 0.8915254237288135 0.042708333333333334 0.21694915254237288
1 0.6411458333333333 0.5271186440677966 0.030208333333333334 0.10847457627118644
1 0.48515625 0.4279661016949152 0.019270833333333334 0.07627118644067796
1 0.4044270833333333 0.37033898305084745 0.0171875 0.07288135593220339
1 0.3380208333333333 0.3516949152542373 0.014583333333333334 0.07288135593220339
1 0.2721354166666667 0.32627118644067793 0.0140625 0.04915254237288135
1 0.2046875 0.31101694915254235 0.0125 0.04576271186440678
1 0.1421875 0.30254237288135594 0.011458333333333333 0.04576271186440678
1 0.06953125 0.29745762711864404 0.0109375 0.0423728813559322
