1 0.017447916666666667 0.2864406779661017 0.013020833333333334 0.04067796610169491
1 0.10598958333333333 0.288135593220339 0.013020833333333334 0.04067796610169491
1 0.17838541666666666 0.29406779661016946 0.013020833333333334 0.0423728813559322
1 0.24296874999999998 0.30508474576271183 0.011979166666666666 0.05084745762711864
1 0.30104166666666665 0.31610169491525425 0.011458333333333333 0.04915254237288135
1 0.36640625 0.33728813559322035 0.013020833333333334 0.05084745762711864
1 0.43515624999999997 0.36694915254237287 0.0140625 0.06271186440677966
1 0.5096354166666667 0.40508474576271186 0.0171875 0.07457627118644068
1 0.6145833333333334 0.49322033898305084 0.025 0.09491525423728814
1 0.87578125 0.7194915254237287 0.04010416666666666 0.16779661016949152
0 0.07552083333333333 0.3169491525423729 0.014583333333333334 0.04745762711864407
0 0.15442708333333333 0.32627118644067793 0.015104166666666667 0.05254237288135593
0 0.20703125 0.34745762711864403 0.015104166666666667 0.05423728813559322
0 0.24088541666666666 0.4025423728813559 0.018229166666666668 0.07288135593220339
0 0.26875 0.4788135593220339 0.026041666666666668 0.09999999999999999
0 0.221875 0.7169491525423729 0.04583333333333333 0.17627118644067796
2 0.12682291666666667 0.26864406779661015 0.011979166666666666 0.02542372881355932
0 0.10911458333333333 0.2652542372881356 0.008854166666666666 0.02542372881355932
