2 0.04635416666666667 0.6559322033898305 0.08229166666666667 0.4440677966101695
2 0.7578125 0.6025423728813559 0.059375 0.3644067796610169
0 0.054427083333333334 0.3542372881355932 0.021354166666666667 0.06440677966101695
0 0.134375 0.37457627118644066 0.021875 0.08135593220338982
0 0.20625 0.42203389830508475 0.025 0.09491525423728814
0 0.22604166666666667 0.5635593220338982 0.0375 0.13728813559322034
1 0.07265625 0.3228813559322034 0.015104166666666667 0.04915254237288135
1 0.19453125 0.32796610169491525 0.015104166666666667 0.05254237288135593
1 0.28151041666666665 0.33644067796610166 0.0140625 0.05254237288135593
1 0.3677083333333333 0.3635593220338983 0.017708333333333333 0.06271186440677966
1 0.45546875 0.4101694915254237 0.0203125 0.07796610169491525
1 0.590625 0.5135593220338983 0.027083333333333334 0.1152542372881356
1 0.87890625 0.9016949152542373 0.0609375 0.1966101694915254
