0 0.05625 0.35762711864406777 0.020833333333333332 0.0711864406779661
0 0.1359375 0.376271186440678 0.02395833333333333 0.0711864406779661
0 0.20598958333333334 0.42457627118644065 0.025520833333333333 0.08305084745762711
0 0.2265625 0.5627118644067797 0.03854166666666667 0.1288135593220339
2 0.04479166666666667 0.6567796610169492 0.08854166666666667 0.44576271186440675
2 0.7572916666666667 0.6025423728813559 0.06875 0.37457627118644066
1 0.87734375 0.8932203389830509 0.059895833333333336 0.2135593220338983
1 0.590625 0.5127118644067796 0.027083333333333334 0.12372881355932203
1 0.4552083333333333 0.4144067796610169 0.025 0.09322033898305085
1 0.36822916666666666 0.36610169491525424 0.01875 0.0711864406779661
1 0.28125 0.33983050847457624 0.017708333333333333 0.05593220338983051
1 0.19401041666666666 0.3271186440677966 0.01614583333333333 0.0576271186440678
1 0.0734375 0.32372881355932204 0.016666666666666666 0.0576271186440678
