2 0.024739583333333332 0.7822033898305084 0.0484375 0.34745762711864403
2 0.7796875 0.6415254237288135 0.071875 0.3949152542372881
1 0.9395833333333333 0.9389830508474576 0.03958333333333333 0.12203389830508474
1 0.5966145833333333 0.5330508474576271 0.028645833333333332 0.1271186440677966
1 0.4552083333333333 0.4279661016949152 0.02395833333333333 0.08983050847457627
1 0.3638020833333333 0.376271186440678 0.019270833333333334 0.06779661016949153
1 0.2760416666666667 0.34576271186440677 0.014583333333333334 0.06440677966101695
1 0.18671875 0.3347457627118644 0.015104166666666667 0.05593220338983051
0 0.12265625 0.3923728813559322 0.0203125 0.08305084745762711
0 0.19270833333333334 0.44237288135593217 0.02395833333333333 0.09152542372881356
0 0.20729166666666665 0.5983050847457627 0.042708333333333334 0.14915254237288136
