2 0.88046875 0.7618644067796609 0.0890625 0.47627118644067795
1 0.6270833333333333 0.597457627118644 0.034375 0.16101694915254236
1 0.4635416666666667 0.4610169491525424 0.028125 0.10847457627118644
1 0.3645833333333333 0.39915254237288134 0.02395833333333333 0.06610169491525424
1 0.2747395833333333 0.36271186440677966 0.0140625 0.06779661016949153
1 0.18203125 0.3525423728813559 0.019270833333333334 0.06440677966101695
1 0.0546875 0.3440677966101695 0.016666666666666666 0.06440677966101695
0 0.025260416666666667 0.3983050847457627 0.022395833333333334 0.08135593220338982
0 0.10598958333333333 0.4135593220338983 0.022395833333333334 0.08135593220338982
0 0.17473958333333334 0.46864406779661016 0.0296875 0.11016949152542373
0 0.16614583333333333 0.676271186440678 0.05 0.1864406779661017
