0 0.10911458333333333 0.8542372881355932 0.0703125 0.2406779661016949
0 0.17942708333333332 0.5101694915254237 0.03177083333333333 0.11864406779661017
0 0.12291666666666666 0.423728813559322 0.020833333333333332 0.0847457627118644
0 0.04583333333333333 0.38813559322033897 0.027083333333333334 0.0847457627118644
1 0.08958333333333333 0.33728813559322035 0.017708333333333333 0.06440677966101695
1 0.21692708333333333 0.3550847457627119 0.018229166666666668 0.06949152542372881
1 0.31015625 0.3694915254237288 0.019270833333333334 0.07796610169491525
1 0.40729166666666666 0.4152542372881356 0.02395833333333333 0.0847457627118644
1 0.5197916666666667 0.5084745762711864 0.03125 0.1152542372881356
1 0.7518229166666667 0.7584745762711864 0.049479166666666664 0.20847457627118643
