0 0.024479166666666666 0.37457627118644066 0.020833333333333332 0.0711864406779661
0 0.11328125 0.3974576271186441 0.025520833333333333 0.08305084745762711
0 0.1796875 0.4440677966101695 0.026041666666666668 0.09491525423728814
0 0.21484375 0.5745762711864406 0.033854166666666664 0.14576271186440679
1 0.048177083333333336 0.3288135593220339 0.018229166666666668 0.06779661016949153
1 0.17135416666666667 0.33728813559322035 0.019791666666666666 0.0576271186440678
1 0.2911458333333333 0.35762711864406777 0.016666666666666666 0.0576271186440678
1 0.38697916666666665 0.3864406779661017 0.01875 0.0711864406779661
1 0.49374999999999997 0.4576271186440678 0.02395833333333333 0.09152542372881356
1 0.64375 0.6161016949152542 0.03854166666666667 0.15084745762711865
