0 0.28046875 0.37457627118644066 0.03697916666666667 0.13220338983050847
0 0.39427083333333335 0.20338983050847456 0.019791666666666666 0.0711864406779661
0 0.5067708333333333 0.14491525423728813 0.013541666666666667 0.04576271186440678
0 0.615625 0.12203389830508474 0.008333333333333333 0.03389830508474576
0 0.6934895833333333 0.12203389830508474 0.0078125 0.030508474576271184
0 0.8010416666666667 0.13559322033898305 0.009375 0.030508474576271184
0 0.9158854166666667 0.15932203389830507 0.008854166666666666 0.02711864406779661
1 0.94921875 0.18559322033898304 0.0109375 0.03220338983050847
1 0.7919270833333333 0.15932203389830507 0.009895833333333333 0.03389830508474576
1 0.7260416666666667 0.16186440677966102 0.010416666666666666 0.0423728813559322
1 0.64375 0.18220338983050846 0.015625 0.04915254237288135
1 0.6252604166666667 0.24661016949152542 0.0171875 0.07288135593220339
1 0.6981770833333333 0.44152542372881354 0.0390625 0.13389830508474576
