0 0.23385416666666667 0.7211864406779661 0.04895833333333333 0.20847457627118643
0 0.23020833333333332 0.4915254237288135 0.029166666666666667 0.11186440677966102
0 0.1734375 0.42457627118644065 0.028125 0.08305084745762711
0 0.09505208333333333 0.3906779661016949 0.024479166666666666 0.08983050847457627
0 0.00625 0.38305084745762713 0.011458333333333333 0.0847457627118644
1 0.13229166666666667 0.33644067796610166 0.019791666666666666 0.05254237288135593
1 0.25026041666666665 0.34491525423728814 0.018229166666666668 0.06610169491525424
1 0.3684895833333333 0.38220338983050844 0.021354166666666667 0.07288135593220339
1 0.47552083333333334 0.42118644067796607 0.022916666666666665 0.09661016949152543
1 0.6109375 0.5330508474576271 0.03333333333333333 0.1440677966101695
1 0.8786458333333333 0.8788135593220339 0.06875 0.2389830508474576
