1 0.007552083333333333 0.32627118644067793 0.0140625 0.05593220338983051
1 0.15677083333333333 0.34915254237288135 0.019791666666666666 0.06779661016949153
1 0.2755208333333333 0.36271186440677966 0.027083333333333334 0.06779661016949153
1 0.40572916666666664 0.40847457627118644 0.025 0.0847457627118644
1 0.5333333333333333 0.48050847457627116 0.030208333333333334 0.10677966101694915
1 0.7372395833333333 0.6855932203389831 0.043229166666666666 0.17796610169491525
0 0.21875 0.5754237288135593 0.036458333333333336 0.15762711864406778
0 0.17161458333333332 0.46864406779661016 0.034895833333333334 0.09661016949152543
0 0.09713541666666667 0.41694915254237286 0.027604166666666666 0.09152542372881356
0 0.005729166666666666 0.40423728813559323 0.010416666666666666 0.06610169491525424
