0 0.12682291666666667 0.7669491525423728 0.05364583333333333 0.20169491525423727
0 0.07604166666666666 0.5711864406779661 0.035416666666666666 0.13559322033898305
0 0.03723958333333333 0.4525423728813559 0.024479166666666666 0.10169491525423728
1 0.020833333333333332 0.3008474576271186 0.016666666666666666 0.05593220338983051
1 0.050520833333333334 0.3042372881355932 0.010416666666666666 0.05254237288135593
1 0.07786458333333333 0.31610169491525425 0.013020833333333334 0.07288135593220339
1 0.10807291666666667 0.3440677966101695 0.01614583333333333 0.06779661016949153
1 0.2565104166666667 0.376271186440678 0.0203125 0.07457627118644068
1 0.39557291666666666 0.45847457627118643 0.028645833333333332 0.1135593220338983
1 0.5903645833333333 0.597457627118644 0.0359375 0.15084745762711865
