1 0.8471354166666667 0.8889830508474577 0.06510416666666667 0.22203389830508474
1 0.5151041666666667 0.5398305084745763 0.035416666666666666 0.13050847457627118
1 0.35572916666666665 0.3974576271186441 0.020833333333333332 0.08983050847457627
1 0.21223958333333334 0.3466101694915254 0.01614583333333333 0.07288135593220339
1 0.1921875 0.31610169491525425 0.0125 0.06271186440677966
1 0.17395833333333333 0.3016949152542373 0.013541666666666667 0.04406779661016949
1 0.14921875 0.28983050847457625 0.0109375 0.04406779661016949
1 0.09322916666666667 0.2872881355932203 0.0125 0.0423728813559322
1 0.0140625 0.27796610169491526 0.010416666666666666 0.03389830508474576
0 0.022135416666666668 0.31440677966101693 0.009895833333333333 0.05254237288135593
0 0.032552083333333336 0.34152542372881356 0.015104166666666667 0.059322033898305086
0 0.009375 0.4135593220338983 0.017708333333333333 0.08813559322033898
0 0.1 0.4983050847457627 0.029166666666666667 0.1152542372881356
0 0.08020833333333333 0.7245762711864406 0.051041666666666666 0.19152542372881357
