0 0.00546875 0.30338983050847457 0.009895833333333333 0.04406779661016949
0 0.10182291666666667 0.31271186440677967 0.011979166666666666 0.0423728813559322
0 0.14583333333333334 0.3525423728813559 0.015625 0.05423728813559322
0 0.15078125 0.32033898305084746 0.013020833333333334 0.04067796610169491
0 0.07421875 0.3889830508474576 0.019270833333333334 0.07627118644067796
0 0.08333333333333333 0.4610169491525424 0.030208333333333334 0.10508474576271186
0 0.13984375 0.5966101694915255 0.04010416666666666 0.1423728813559322
0 0.11536458333333333 0.2711864406779661 0.0109375 0.04067796610169491
2 0.09322916666666667 0.2627118644067796 0.013541666666666667 0.030508474576271184
1 0.15338541666666666 0.28559322033898304 0.0109375 0.03559322033898305
1 0.21901041666666665 0.29491525423728815 0.009895833333333333 0.03389830508474576
1 0.26796875 0.3059322033898305 0.009895833333333333 0.03898305084745762
1 0.28854166666666664 0.3211864406779661 0.011458333333333333 0.0423728813559322
1 0.3028645833333333 0.3338983050847458 0.011979166666666666 0.05084745762711864
1 0.3171875 0.3771186440677966 0.017708333333333333 0.06949152542372881
1 0.4713541666666667 0.4601694915254237 0.030208333333333334 0.09999999999999999
1 0.7177083333333333 0.7838983050847458 0.05416666666666667 0.20847457627118643
