1 0.02265625 0.28389830508474573 0.008854166666666666 0.04576271186440678
1 0.12916666666666665 0.2796610169491525 0.007291666666666667 0.03728813559322034
1 0.22135416666666666 0.28559322033898304 0.00625 0.03559322033898305
1 0.27317708333333335 0.29152542372881357 0.008854166666666666 0.03389830508474576
1 0.33489583333333334 0.30254237288135594 0.009375 0.03898305084745762
1 0.38203125 0.31525423728813556 0.0109375 0.05084745762711864
1 0.40078125 0.33220338983050846 0.009895833333333333 0.05423728813559322
1 0.41354166666666664 0.3559322033898305 0.011458333333333333 0.06779661016949153
1 0.42473958333333334 0.4152542372881356 0.018229166666666668 0.07796610169491525
1 0.6255208333333333 0.5771186440677966 0.036458333333333336 0.13389830508474576
0 0.12994791666666666 0.8169491525423729 0.0640625 0.2271186440677966
0 0.13984375 0.5135593220338983 0.0328125 0.11864406779661017
0 0.16119791666666666 0.4161016949152542 0.022395833333333334 0.08644067796610169
0 0.24765625 0.36610169491525424 0.0171875 0.06440677966101695
0 0.2598958333333333 0.3288135593220339 0.0125 0.04406779661016949
0 0.043229166666666666 0.30254237288135594 0.014583333333333334 0.0423728813559322
0 0.13619791666666667 0.30254237288135594 0.011979166666666666 0.0423728813559322
0 0.21875 0.31271186440677967 0.0125 0.0423728813559322
