0 0.05703125 0.31610169491525425 0.0140625 0.05254237288135593
0 0.17994791666666665 0.6271186440677966 0.0453125 0.14915254237288136
0 0.17291666666666666 0.30677966101694915 0.011458333333333333 0.03728813559322034
0 0.240625 0.46694915254237285 0.022916666666666665 0.09661016949152543
0 0.25494791666666666 0.3135593220338983 0.0109375 0.03728813559322034
0 0.33359375 0.32627118644067793 0.011979166666666666 0.04915254237288135
0 0.35234375 0.3974576271186441 0.0171875 0.07288135593220339
0 0.37083333333333335 0.34745762711864403 0.013541666666666667 0.05423728813559322
1 0.0890625 0.2872881355932203 0.008333333333333333 0.04576271186440678
1 0.1609375 0.28559322033898304 0.009375 0.0423728813559322
1 0.25546875 0.28559322033898304 0.009895833333333333 0.02542372881355932
1 0.3411458333333333 0.2923728813559322 0.007291666666666667 0.03559322033898305
1 0.3921875 0.3 0.008333333333333333 0.04067796610169491
1 0.4549479166666667 0.3101694915254237 0.0078125 0.03728813559322034
1 0.5065104166666666 0.33559322033898303 0.0109375 0.05084745762711864
1 0.5276041666666667 0.3559322033898305 0.011458333333333333 0.06101694915254237
1 0.5455729166666666 0.3923728813559322 0.018229166666666668 0.07627118644067796
1 0.5619791666666667 0.48983050847457626 0.02395833333333333 0.10169491525423728
0 0.3677083333333333 0.2711864406779661 0.009375 0.04067796610169491
2 0.34869791666666666 0.2711864406779661 0.008854166666666666 0.04067796610169491
1 0.9463541666666666 0.9042372881355932 0.05416666666666667 0.19152542372881357
