2 0.42552083333333335 0.2788135593220339 0.009375 0.0423728813559322
0 0.44479166666666664 0.28559322033898304 0.009375 0.0423728813559322
1 0.06796875 0.3 0.0109375 0.04745762711864407
1 0.16197916666666667 0.29406779661016946 0.009375 0.0423728813559322
1 0.23177083333333334 0.2872881355932203 0.007291666666666667 0.03220338983050847
1 0.32786458333333335 0.2957627118644068 0.008854166666666666 0.03220338983050847
1 0.41562499999999997 0.3008474576271186 0.010416666666666666 0.03220338983050847
1 0.471875 0.31525423728813556 0.010416666666666666 0.04067796610169491
1 0.5408854166666667 0.3330508474576271 0.0109375 0.04576271186440678
1 0.6041666666666666 0.36271186440677966 0.014583333333333334 0.0576271186440678
1 0.6338541666666666 0.3974576271186441 0.014583333333333334 0.06949152542372881
1 0.6645833333333333 0.4610169491525424 0.025 0.10169491525423728
1 0.7171875 0.6372881355932203 0.035416666666666666 0.13559322033898305
0 0.09348958333333333 0.9033898305084745 0.05572916666666666 0.19322033898305085
0 0.2625 0.5610169491525424 0.03125 0.1423728813559322
0 0.42161458333333335 0.44152542372881354 0.024479166666666666 0.08983050847457627
0 0.44505208333333335 0.37881355932203387 0.01614583333333333 0.059322033898305086
0 0.4036458333333333 0.3432203389830508 0.013541666666666667 0.05254237288135593
0 0.121875 0.32033898305084746 0.014583333333333334 0.06101694915254237
0 0.23671875 0.3177966101694915 0.0109375 0.059322033898305086
0 0.32265625 0.3177966101694915 0.009895833333333333 0.05593220338983051
