1 0.25494791666666666 0.4059322033898305 0.04114583333333333 0.1271186440677966
1 0.38958333333333334 0.21694915254237288 0.019791666666666666 0.07457627118644068
1 0.5075520833333333 0.15084745762711865 0.011979166666666666 0.04745762711864407
1 0.6192708333333333 0.1288135593220339 0.009375 0.03728813559322034
1 0.6989583333333333 0.12542372881355932 0.008333333333333333 0.030508474576271184
1 0.8091145833333333 0.13983050847457626 0.0078125 0.03220338983050847
1 0.92734375 0.16271186440677965 0.009895833333333333 0.03389830508474576
0 0.9638020833333333 0.18983050847457628 0.0109375 0.04067796610169491
0 0.8018229166666666 0.1652542372881356 0.011979166666666666 0.03559322033898305
0 0.7338541666666667 0.1669491525423729 0.010416666666666666 0.0423728813559322
0 0.6502604166666667 0.18983050847457628 0.01614583333333333 0.05423728813559322
0 0.63359375 0.2635593220338983 0.0203125 0.07627118644067796
0 0.7200520833333334 0.48983050847457626 0.04114583333333333 0.13898305084745763
