0 0.048177083333333336 0.8550847457627119 0.08177083333333333 0.23559322033898306
0 0.008333333333333333 0.36101694915254234 0.015625 0.05423728813559322
0 0.1546875 0.3542372881355932 0.01875 0.06101694915254237
0 0.25677083333333334 0.35762711864406777 0.014583333333333334 0.06101694915254237
0 0.35651041666666666 0.5491525423728814 0.03177083333333333 0.12542372881355932
0 0.35182291666666665 0.3813559322033898 0.015104166666666667 0.0711864406779661
0 0.3971354166666667 0.43728813559322033 0.024479166666666666 0.08135593220338982
1 0.07317708333333334 0.3254237288135593 0.0171875 0.05423728813559322
1 0.8619791666666666 0.9288135593220339 0.042708333333333334 0.1423728813559322
1 0.6895833333333333 0.5601694915254237 0.03125 0.1271186440677966
1 0.634375 0.4542372881355932 0.01875 0.08135593220338982
1 0.5895833333333333 0.4076271186440678 0.016666666666666666 0.06949152542372881
1 0.51484375 0.3635593220338983 0.0109375 0.04576271186440678
1 0.434375 0.3423728813559322 0.009375 0.04406779661016949
1 0.26927083333333335 0.3169491525423729 0.010416666666666666 0.04067796610169491
1 0.37083333333333335 0.3288135593220339 0.0125 0.04406779661016949
1 0.16015625 0.3169491525423729 0.009895833333333333 0.05423728813559322
0 0.40572916666666664 0.3016949152542373 0.008333333333333333 0.04067796610169491
2 0.3848958333333333 0.29915254237288136 0.010416666666666666 0.0423728813559322
