0 0.19635416666666666 0.7550847457627119 0.05520833333333333 0.20169491525423727
0 0.29973958333333334 0.49745762711864405 0.028645833333333332 0.10677966101694915
0 0.2526041666666667 0.4152542372881356 0.01875 0.0847457627118644
0 0.13723958333333333 0.3771186440677966 0.018229166666666668 0.07288135593220339
0 0.00625 0.3652542372881356 0.011458333333333333 0.08305084745762711
1 0.029947916666666668 0.32627118644067793 0.0171875 0.05254237288135593
1 0.16927083333333334 0.31525423728813556 0.013541666666666667 0.05423728813559322
1 0.29270833333333335 0.33644067796610166 0.0125 0.05593220338983051
1 0.36640625 0.34745762711864403 0.013020833333333334 0.05084745762711864
1 0.46015625 0.385593220338983 0.013020833333333334 0.07627118644067796
1 0.5528645833333333 0.4313559322033898 0.01614583333333333 0.09322033898305085
1 0.61640625 0.5144067796610169 0.024479166666666666 0.1135593220338983
1 0.7265625 0.7296610169491525 0.041666666666666664 0.18135593220338983
0 0.3380208333333333 0.3016949152542373 0.011458333333333333 0.05423728813559322
2 0.31484375 0.29322033898305083 0.009895833333333333 0.06101694915254237
