0 0.16901041666666666 0.6466101694915254 0.0484375 0.16440677966101694
0 0.29244791666666664 0.3016949152542373 0.011979166666666666 0.04067796610169491
0 0.14088541666666665 0.47627118644067795 0.0296875 0.1152542372881356
0 0.006510416666666667 0.4186440677966102 0.011979166666666666 0.0983050847457627
2 0.26197916666666665 0.2983050847457627 0.011458333333333333 0.06440677966101695
1 0.07708333333333334 0.34576271186440677 0.01875 0.07457627118644068
1 0.22447916666666667 0.35762711864406777 0.017708333333333333 0.0711864406779661
1 0.3109375 0.3694915254237288 0.016666666666666666 0.07796610169491525
1 0.4244791666666667 0.4186440677966102 0.017708333333333333 0.0711864406779661
1 0.5471354166666667 0.5008474576271186 0.024479166666666666 0.1135593220338983
1 0.6505208333333333 0.6644067796610169 0.0375 0.16610169491525423
