0 0.12682291666666667 0.5906779661016949 0.04010416666666666 0.14067796610169492
0 0.011979166666666666 0.461864406779661 0.022916666666666665 0.12033898305084745
0 0.040364583333333336 0.9423728813559322 0.04010416666666666 0.1152542372881356
0 0.3611979166666667 0.3211864406779661 0.011979166666666666 0.059322033898305086
2 0.3302083333333333 0.31525423728813556 0.014583333333333334 0.0711864406779661
1 0.12708333333333333 0.36186440677966103 0.016666666666666666 0.06610169491525424
1 0.2765625 0.37881355932203387 0.017708333333333333 0.07288135593220339
1 0.3703125 0.4059322033898305 0.016666666666666666 0.08305084745762711
1 0.5072916666666667 0.48389830508474574 0.01875 0.10338983050847457
1 0.6908854166666667 0.6627118644067796 0.034895833333333334 0.16271186440677965
