0 0.04609375 0.8338983050847457 0.07447916666666667 0.23728813559322035
0 0.12708333333333333 0.5313559322033898 0.03125 0.13050847457627118
0 0.08567708333333333 0.4330508474576271 0.024479166666666666 0.10338983050847457
0 0.0203125 0.39152542372881355 0.026041666666666668 0.09152542372881356
1 0.049479166666666664 0.31271186440677967 0.01875 0.07627118644067796
1 0.12916666666666665 0.3271186440677966 0.01875 0.05423728813559322
1 0.20104166666666667 0.3338983050847458 0.0125 0.05084745762711864
1 0.275 0.34491525423728814 0.011458333333333333 0.06610169491525424
1 0.3263020833333333 0.3677966101694915 0.015104166666666667 0.06779661016949153
1 0.40859375 0.4101694915254237 0.018229166666666668 0.08135593220338982
1 0.5315104166666667 0.5093220338983051 0.0265625 0.12033898305084745
1 0.7572916666666667 0.6406779661016949 0.046875 0.17288135593220338
