1 0.22604166666666667 0.4576271186440678 0.04791666666666666 0.1423728813559322
1 0.38385416666666666 0.22457627118644066 0.025 0.07966101694915254
1 0.51015625 0.15338983050847457 0.015104166666666667 0.05254237288135593
1 0.625 0.12627118644067797 0.009375 0.03898305084745762
1 0.7059895833333333 0.12457627118644067 0.0067708333333333336 0.03559322033898305
1 0.81796875 0.13898305084745763 0.0078125 0.030508474576271184
1 0.9393229166666667 0.16016949152542373 0.008854166666666666 0.0288135593220339
0 0.9796874999999999 0.188135593220339 0.0125 0.03389830508474576
0 0.8122395833333333 0.16610169491525423 0.008854166666666666 0.03389830508474576
0 0.7434895833333334 0.16864406779661018 0.011979166666666666 0.04576271186440678
0 0.6580729166666667 0.19322033898305085 0.01614583333333333 0.0576271186440678
0 0.6440104166666667 0.27627118644067794 0.0203125 0.07796610169491525
0 0.74921875 0.5491525423728814 0.0453125 0.15932203389830507
