0 0.24322916666666666 0.6271186440677966 0.04375 0.1864406779661017
0 0.06380208333333333 0.3347457627118644 0.021354166666666667 0.07627118644067796
0 0.11979166666666667 0.3550847457627119 0.026041666666666668 0.06949152542372881
0 0.19479166666666667 0.39576271186440676 0.021875 0.08305084745762711
0 0.2375 0.44661016949152543 0.029166666666666667 0.1135593220338983
1 0.03229166666666666 0.2872881355932203 0.016666666666666666 0.059322033898305086
1 0.11666666666666667 0.28220338983050847 0.011458333333333333 0.04915254237288135
1 0.17083333333333334 0.2957627118644068 0.010416666666666666 0.04576271186440678
1 0.24401041666666667 0.3084745762711864 0.013020833333333334 0.04406779661016949
1 0.30963541666666666 0.31525423728813556 0.013020833333333334 0.05423728813559322
1 0.37473958333333335 0.3338983050847458 0.015104166666666667 0.06440677966101695
1 0.44947916666666665 0.35762711864406777 0.014583333333333334 0.0576271186440678
1 0.5036458333333333 0.38813559322033897 0.017708333333333333 0.0711864406779661
1 0.6088541666666667 0.4703389830508474 0.021875 0.09661016949152543
