1 0.8096354166666666 0.6423728813559322 0.04635416666666667 0.1694915254237288
1 0.62578125 0.46355932203389827 0.024479166666666666 0.09661016949152543
1 0.5536458333333333 0.41694915254237286 0.017708333333333333 0.07796610169491525
1 0.4661458333333333 0.373728813559322 0.01875 0.06949152542372881
1 0.3927083333333333 0.3508474576271186 0.013541666666666667 0.06101694915254237
1 0.3247395833333333 0.3271186440677966 0.0140625 0.04745762711864407
1 0.253125 0.3101694915254237 0.009375 0.05084745762711864
1 0.20338541666666665 0.29915254237288136 0.009895833333333333 0.0423728813559322
1 0.12864583333333332 0.3 0.0125 0.04067796610169491
1 0.08411458333333333 0.29152542372881357 0.009895833333333333 0.04745762711864407
0 0.13489583333333333 0.35 0.016666666666666666 0.06949152542372881
0 0.06796875 0.3169491525423729 0.013020833333333334 0.0576271186440678
0 0.18046875 0.3805084745762712 0.0203125 0.07627118644067796
0 0.24557291666666667 0.44152542372881354 0.022395833333333334 0.09661016949152543
0 0.27369791666666665 0.5652542372881356 0.03802083333333333 0.1440677966101695
0 0.19557291666666665 0.9305084745762712 0.050520833333333334 0.13898305084745763
