0 0.21770833333333334 0.8101694915254237 0.065625 0.2271186440677966
0 0.23958333333333334 0.5245762711864407 0.03333333333333333 0.13728813559322034
0 0.18541666666666667 0.41271186440677965 0.025 0.09661016949152543
0 0.15052083333333333 0.3677966101694915 0.01875 0.07796610169491525
0 0.09635416666666667 0.3338983050847458 0.017708333333333333 0.06101694915254237
0 0.014322916666666666 0.3305084745762712 0.015104166666666667 0.0847457627118644
1 0.778125 0.5881355932203389 0.03958333333333333 0.1559322033898305
1 0.65234375 0.47203389830508474 0.0328125 0.1135593220338983
1 0.5291666666666667 0.4144067796610169 0.016666666666666666 0.10338983050847457
1 0.44453125 0.373728813559322 0.0203125 0.07966101694915254
1 0.36692708333333335 0.3466101694915254 0.0203125 0.07288135593220339
1 0.2916666666666667 0.3220338983050847 0.017708333333333333 0.04745762711864407
1 0.24270833333333333 0.311864406779661 0.009375 0.04745762711864407
1 0.16692708333333334 0.30338983050847457 0.0109375 0.05084745762711864
1 0.12447916666666667 0.2983050847457627 0.009375 0.05084745762711864
1 0.0515625 0.3042372881355932 0.014583333333333334 0.05254237288135593
2 0.0049479166666666664 0.24915254237288134 0.008854166666666666 0.0983050847457627
