2 0.08385416666666666 0.24745762711864405 0.0125 0.09152542372881356
1 0.04791666666666666 0.2923728813559322 0.01875 0.06271186440677966
1 0.11875 0.29491525423728815 0.015625 0.04406779661016949
1 0.18880208333333334 0.2957627118644068 0.0078125 0.05593220338983051
1 0.22864583333333333 0.3093220338983051 0.011458333333333333 0.059322033898305086
1 0.3020833333333333 0.31949152542372883 0.013541666666666667 0.06949152542372881
1 0.3559895833333333 0.33728813559322035 0.013020833333333334 0.06779661016949153
1 0.43723958333333335 0.3686440677966102 0.0234375 0.07966101694915254
1 0.5302083333333333 0.4186440677966102 0.020833333333333332 0.0983050847457627
1 0.6450520833333333 0.4923728813559322 0.022395833333333334 0.12372881355932203
1 0.853125 0.6415254237288135 0.04375 0.16440677966101694
0 0.22369791666666666 0.7033898305084746 0.05677083333333333 0.17966101694915254
0 0.20494791666666667 0.47203389830508474 0.027604166666666666 0.12033898305084745
0 0.18515625 0.39915254237288134 0.019270833333333334 0.09661016949152543
0 0.14401041666666667 0.34152542372881356 0.0171875 0.059322033898305086
0 0.07057291666666667 0.31525423728813556 0.015104166666666667 0.0711864406779661
