0 0.18385416666666665 0.5745762711864406 0.0375 0.17627118644067796
0 0.20286458333333332 0.4440677966101695 0.024479166666666666 0.10847457627118644
0 0.028645833333333332 0.31101694915254235 0.0125 0.059322033898305086
0 0.11484375 0.3347457627118644 0.0140625 0.06271186440677966
0 0.17942708333333332 0.35677966101694913 0.018229166666666668 0.07288135593220339
2 0.14348958333333334 0.2627118644067796 0.01614583333333333 0.0847457627118644
1 0.0109375 0.2830508474576271 0.011458333333333333 0.06440677966101695
1 0.17421875 0.29915254237288136 0.0140625 0.04915254237288135
1 0.24140625 0.3076271186440678 0.011979166666666666 0.05254237288135593
1 0.28098958333333335 0.3169491525423729 0.013020833333333334 0.05084745762711864
1 0.3611979166666667 0.3347457627118644 0.0171875 0.059322033898305086
1 0.41770833333333335 0.3593220338983051 0.015625 0.0711864406779661
1 0.5135416666666667 0.41694915254237286 0.020833333333333332 0.09152542372881356
1 0.63671875 0.48983050847457626 0.028645833333333332 0.10508474576271186
1 0.8364583333333333 0.6711864406779661 0.04375 0.16610169491525423
