1 0.17630208333333333 0.5432203389830508 0.0546875 0.1711864406779661
1 0.37473958333333335 0.24745762711864405 0.024479166666666666 0.07796610169491525
1 0.5122395833333333 0.16271186440677965 0.01614583333333333 0.05084745762711864
1 0.6330729166666667 0.13220338983050847 0.009895833333333333 0.03728813559322034
1 0.7153645833333333 0.1271186440677966 0.008854166666666666 0.03728813559322034
1 0.8299479166666667 0.13813559322033897 0.009895833333333333 0.03559322033898305
1 0.95703125 0.1635593220338983 0.009895833333333333 0.03898305084745762
0 0.7997395833333333 0.6533898305084745 0.05677083333333333 0.188135593220339
0 0.6583333333333333 0.30254237288135594 0.022916666666666665 0.08983050847457627
0 0.6703125 0.20508474576271185 0.015625 0.06101694915254237
0 0.7578125 0.17372881355932202 0.011458333333333333 0.04915254237288135
0 0.8273437499999999 0.16779661016949152 0.008854166666666666 0.04067796610169491
