1 0.1015625 0.661864406779661 0.06666666666666667 0.21864406779661016
1 0.3575520833333333 0.2652542372881356 0.025520833333333333 0.08983050847457627
1 0.50703125 0.16864406779661018 0.01614583333333333 0.06271186440677966
1 0.63125 0.12966101694915255 0.010416666666666666 0.04576271186440678
1 0.7171875 0.12627118644067797 0.008333333333333333 0.03898305084745762
1 0.83359375 0.13644067796610168 0.008854166666666666 0.03220338983050847
1 0.9614583333333333 0.15932203389830507 0.010416666666666666 0.03389830508474576
0 0.8549479166666667 0.7966101694915254 0.07239583333333333 0.2305084745762712
0 0.665625 0.3211864406779661 0.02395833333333333 0.09999999999999999
0 0.67421875 0.211864406779661 0.0171875 0.06101694915254237
0 0.7627604166666666 0.1771186440677966 0.013020833333333334 0.04915254237288135
0 0.8338541666666667 0.1694915254237288 0.011458333333333333 0.04067796610169491
