1 0.33567708333333335 0.28983050847457625 0.03177083333333333 0.10169491525423728
1 0.5002604166666667 0.17627118644067796 0.0171875 0.06440677966101695
1 0.6286458333333333 0.13644067796610168 0.009375 0.0423728813559322
1 0.7153645833333333 0.12966101694915255 0.009895833333333333 0.0423728813559322
1 0.8330729166666666 0.14152542372881355 0.0078125 0.03220338983050847
1 0.9635416666666666 0.16779661016949152 0.010416666666666666 0.030508474576271184
0 0.83671875 0.17457627118644067 0.0109375 0.04406779661016949
0 0.7658854166666667 0.1847457627118644 0.011979166666666666 0.05423728813559322
0 0.6770833333333334 0.22627118644067795 0.019791666666666666 0.06610169491525424
0 0.6744791666666666 0.3525423728813559 0.026041666666666668 0.10508474576271186
