1 0.28541666666666665 0.3728813559322034 0.035416666666666666 0.12203389830508474
1 0.49505208333333334 0.2135593220338983 0.0171875 0.06779661016949153
1 0.6372395833333333 0.1669491525423729 0.0109375 0.04576271186440678
1 0.7268229166666667 0.16101694915254236 0.008854166666666666 0.03728813559322034
1 0.8502604166666666 0.17372881355932202 0.0078125 0.03220338983050847
1 0.9874999999999999 0.20084745762711864 0.010416666666666666 0.03559322033898305
0 0.8614583333333333 0.21271186440677967 0.013541666666666667 0.04576271186440678
0 0.7895833333333333 0.22457627118644066 0.014583333333333334 0.05254237288135593
0 0.6994791666666667 0.27796610169491526 0.021875 0.07796610169491525
0 0.715625 0.47203389830508474 0.03333333333333333 0.13728813559322034
