1 0.2942708333333333 0.5847457627118644 0.046875 0.16610169491525423
1 0.37890625 0.3601694915254237 0.022395833333333334 0.09322033898305085
0 0.6958333333333333 0.6161016949152542 0.042708333333333334 0.16440677966101694
0 0.6057291666666667 0.373728813559322 0.025 0.09661016949152543
1 0.43255208333333334 0.26016949152542374 0.015104166666666667 0.06271186440677966
0 0.5734375 0.27288135593220336 0.017708333333333333 0.06779661016949153
2 0.4484375 0.18305084745762712 0.016666666666666666 0.10508474576271186
2 0.55390625 0.18728813559322033 0.0171875 0.10677966101694915
1 0.45651041666666664 0.17627118644067796 0.008854166666666666 0.03728813559322034
1 0.465625 0.15338983050847457 0.007291666666666667 0.03220338983050847
0 0.5356770833333333 0.17796610169491525 0.008854166666666666 0.04067796610169491
0 0.52890625 0.1559322033898305 0.0078125 0.03389830508474576
2 0.47031249999999997 0.1271186440677966 0.008333333333333333 0.0576271186440678
2 0.5276041666666667 0.1288135593220339 0.009375 0.0576271186440678
2 0.47630208333333335 0.10677966101694915 0.0067708333333333336 0.04745762711864407
2 0.5223958333333333 0.12033898305084745 0.00625 0.04406779661016949
2 0.48203124999999997 0.09576271186440678 0.0046875 0.03559322033898305
2 0.5177083333333333 0.09999999999999999 0.005208333333333333 0.03728813559322034
