1 0.2856770833333333 0.611864406779661 0.0484375 0.17288135593220338
1 0.37473958333333335 0.36694915254237287 0.022395833333333334 0.09322033898305085
1 0.4296875 0.2652542372881356 0.013541666666666667 0.06610169491525424
0 0.571875 0.27627118644067794 0.016666666666666666 0.0576271186440678
0 0.60625 0.38220338983050844 0.026041666666666668 0.09661016949152543
0 0.7010416666666667 0.6364406779661017 0.042708333333333334 0.1711864406779661
2 0.44635416666666666 0.18389830508474575 0.017708333333333333 0.11016949152542373
2 0.553125 0.18983050847457628 0.016666666666666666 0.10847457627118644
1 0.45416666666666666 0.17966101694915254 0.008333333333333333 0.03389830508474576
1 0.4635416666666667 0.15677966101694915 0.007291666666666667 0.03220338983050847
0 0.5341145833333333 0.18220338983050846 0.009895833333333333 0.03898305084745762
0 0.52734375 0.16016949152542373 0.0078125 0.03220338983050847
2 0.46848958333333335 0.1271186440677966 0.0078125 0.0576271186440678
2 0.5268229166666667 0.12966101694915255 0.009895833333333333 0.059322033898305086
2 0.475 0.10847457627118644 0.00625 0.04406779661016949
2 0.5213541666666667 0.1194915254237288 0.007291666666666667 0.04576271186440678
2 0.48125 0.0983050847457627 0.005208333333333333 0.03728813559322034
2 0.5161458333333333 0.10084745762711864 0.005208333333333333 0.03559322033898305
