1 0.24765625 0.711864406779661 0.057812499999999996 0.20338983050847456
0 0.74375 0.7593220338983051 0.059375 0.2135593220338983
1 0.3651041666666667 0.4025423728813559 0.025 0.10338983050847457
1 0.4283854166666667 0.28220338983050847 0.01614583333333333 0.06949152542372881
0 0.6203125 0.4186440677966102 0.028125 0.10847457627118644
0 0.57890625 0.2923728813559322 0.01614583333333333 0.06610169491525424
2 0.44687499999999997 0.188135593220339 0.017708333333333333 0.11864406779661017
2 0.5588541666666667 0.19915254237288135 0.017708333333333333 0.1135593220338983
1 0.4557291666666667 0.18559322033898304 0.009375 0.03898305084745762
0 0.5388020833333333 0.18898305084745762 0.009895833333333333 0.03898305084745762
1 0.46588541666666666 0.16186440677966102 0.0067708333333333336 0.03220338983050847
0 0.5309895833333333 0.1635593220338983 0.0067708333333333336 0.03220338983050847
2 0.4713541666666667 0.1313559322033898 0.007291666666666667 0.059322033898305086
2 0.5302083333333333 0.1330508474576271 0.009375 0.06271186440677966
2 0.47734375 0.11186440677966102 0.0067708333333333336 0.04406779661016949
2 0.5200520833333333 0.10423728813559321 0.0046875 0.03559322033898305
2 0.48359375 0.09915254237288135 0.005729166666666666 0.03559322033898305
2 0.525 0.12457627118644067 0.007291666666666667 0.04576271186440678
