1 0.3419270833333333 0.47966101694915253 0.0296875 0.13220338983050847
0 0.65234375 0.5016949152542373 0.033854166666666664 0.13898305084745763
1 0.425 0.3135593220338983 0.016666666666666666 0.07796610169491525
0 0.5963541666666666 0.32796610169491525 0.01875 0.08305084745762711
2 0.44817708333333334 0.20508474576271185 0.019270833333333334 0.12542372881355932
2 0.5703125 0.21610169491525424 0.020833333333333332 0.1271186440677966
1 0.45859374999999997 0.1966101694915254 0.0109375 0.04067796610169491
0 0.54765625 0.20169491525423727 0.011979166666666666 0.04067796610169491
1 0.4700520833333333 0.1711864406779661 0.0078125 0.030508474576271184
0 0.5385416666666667 0.17203389830508475 0.008333333333333333 0.03220338983050847
2 0.475 0.13813559322033897 0.009375 0.06271186440677966
2 0.5380208333333333 0.13983050847457626 0.009375 0.06271186440677966
2 0.48333333333333334 0.11694915254237288 0.00625 0.04745762711864407
2 0.5315104166666667 0.1288135593220339 0.0067708333333333336 0.04745762711864407
