1 0.2734375 0.6635593220338983 0.046875 0.17457627118644067
1 0.40859375 0.3694915254237288 0.0234375 0.0983050847457627
1 0.45598958333333334 0.21101694915254238 0.008854166666666666 0.0423728813559322
1 0.4692708333333333 0.17966101694915254 0.009375 0.03389830508474576
0 0.7223958333333333 0.7025423728813559 0.05416666666666667 0.19152542372881357
0 0.6208333333333333 0.3906779661016949 0.025 0.09999999999999999
0 0.5546875 0.21525423728813559 0.0125 0.04406779661016949
0 0.5447916666666667 0.18220338983050846 0.009375 0.03898305084745762
2 0.44114583333333335 0.2288135593220339 0.022916666666666665 0.1423728813559322
2 0.5828125 0.2389830508474576 0.022916666666666665 0.1423728813559322
2 0.47604166666666664 0.14322033898305084 0.008333333333333333 0.06610169491525424
2 0.5421875 0.14491525423728813 0.009375 0.06610169491525424
2 0.484375 0.11694915254237288 0.007291666666666667 0.05084745762711864
2 0.5364583333333334 0.1313559322033898 0.008333333333333333 0.05254237288135593
2 0.5302083333333333 0.10762711864406779 0.005208333333333333 0.03559322033898305
2 0.4908854166666667 0.1059322033898305 0.005729166666666666 0.03559322033898305
