1 0.38203125 0.46694915254237285 0.03177083333333333 0.13050847457627118
0 0.6643229166666667 0.5016949152542373 0.034895833333333334 0.13220338983050847
2 0.43359375 0.26101694915254237 0.028645833333333332 0.1694915254237288
2 0.6020833333333333 0.2711864406779661 0.030208333333333334 0.17627118644067796
0 0.5653645833333333 0.2364406779661017 0.013020833333333334 0.05254237288135593
1 0.4536458333333333 0.23220338983050848 0.0125 0.05084745762711864
0 0.5528645833333333 0.1923728813559322 0.009895833333333333 0.04576271186440678
1 0.47031249999999997 0.188135593220339 0.009375 0.04067796610169491
2 0.5494791666666666 0.1542372881355932 0.010416666666666666 0.07457627118644068
2 0.47734375 0.15 0.009895833333333333 0.07288135593220339
2 0.4809895833333333 0.1313559322033898 0.0067708333333333336 0.06271186440677966
2 0.5424479166666667 0.13559322033898305 0.009895833333333333 0.0576271186440678
2 0.48671875 0.12288135593220338 0.0067708333333333336 0.05254237288135593
2 0.5348958333333333 0.10932203389830508 0.005208333333333333 0.03898305084745762
2 0.4942708333333333 0.10847457627118644 0.005208333333333333 0.03728813559322034
