1 0.31614583333333335 0.6779661016949152 0.052083333333333336 0.1966101694915254
0 0.7486979166666666 0.7533898305084745 0.057812499999999996 0.211864406779661
2 0.4125 0.31440677966101693 0.034375 0.21525423728813559
2 0.6263020833333334 0.3288135593220339 0.03697916666666667 0.21694915254237288
1 0.4440104166666667 0.26101694915254237 0.0140625 0.06101694915254237
0 0.5739583333333333 0.2677966101694915 0.014583333333333334 0.06101694915254237
1 0.46510416666666665 0.2093220338983051 0.011458333333333333 0.04576271186440678
0 0.5575520833333333 0.211864406779661 0.0109375 0.04745762711864407
0 0.47265625 0.16016949152542373 0.013020833333333334 0.07966101694915254
2 0.5526041666666667 0.1652542372881356 0.011458333333333333 0.08305084745762711
2 0.484375 0.1271186440677966 0.008333333333333333 0.05423728813559322
2 0.5447916666666667 0.14491525423728813 0.010416666666666666 0.06271186440677966
2 0.49374999999999997 0.11186440677966102 0.007291666666666667 0.04406779661016949
2 0.5356770833333333 0.11610169491525424 0.005729166666666666 0.03898305084745762
