2 0.37421875 0.4025423728813559 0.049479166666666664 0.29322033898305083
2 0.6666666666666666 0.43050847457627117 0.05 0.3016949152542373
1 0.42682291666666666 0.29406779661016946 0.015104166666666667 0.06610169491525424
0 0.5846354166666666 0.30508474576271183 0.0203125 0.06779661016949153
1 0.45598958333333334 0.22457627118644066 0.011979166666666666 0.04915254237288135
0 0.5625 0.2288135593220339 0.0125 0.05423728813559322
2 0.4666666666666667 0.16610169491525423 0.014583333333333334 0.09152542372881356
2 0.5565104166666667 0.1711864406779661 0.0140625 0.09152542372881356
2 0.47265625 0.14152542372881355 0.008854166666666666 0.06949152542372881
2 0.4809895833333333 0.1271186440677966 0.008854166666666666 0.06101694915254237
2 0.54609375 0.14491525423728813 0.011979166666666666 0.06949152542372881
2 0.4903645833333333 0.10932203389830508 0.005729166666666666 0.04915254237288135
2 0.54140625 0.12966101694915255 0.0078125 0.05593220338983051
2 0.53515625 0.1135593220338983 0.0067708333333333336 0.04406779661016949
