2 0.2794270833333333 0.6440677966101694 0.0921875 0.5152542372881356
2 0.7721354166666666 0.6847457627118644 0.10260416666666666 0.5322033898305084
1 0.40130208333333334 0.3635593220338983 0.021354166666666667 0.09661016949152543
0 0.6049479166666667 0.3720338983050847 0.0234375 0.09322033898305085
1 0.4434895833333333 0.25254237288135595 0.0140625 0.0576271186440678
0 0.5692708333333333 0.2542372881355932 0.015625 0.06440677966101695
2 0.45677083333333335 0.1771186440677966 0.016666666666666666 0.09999999999999999
2 0.5606770833333333 0.18220338983050846 0.0171875 0.10677966101694915
2 0.465625 0.14491525423728813 0.010416666666666666 0.07966101694915254
2 0.54765625 0.15084745762711865 0.0140625 0.07796610169491525
2 0.4765625 0.12796610169491526 0.010416666666666666 0.06610169491525424
2 0.48671875 0.10762711864406779 0.0067708333333333336 0.04576271186440678
2 0.5416666666666666 0.13050847457627118 0.009375 0.06101694915254237
2 0.534375 0.11186440677966102 0.007291666666666667 0.04406779661016949
