1 0.34713541666666664 0.5135593220338983 0.033854166666666664 0.14576271186440679
1 0.42291666666666666 0.3076271186440678 0.019791666666666666 0.07966101694915254
0 0.6450520833333333 0.5254237288135593 0.033854166666666664 0.13898305084745763
0 0.58125 0.3084745762711864 0.01875 0.0847457627118644
2 0.4434895833333333 0.20677966101694914 0.0234375 0.11864406779661017
2 0.45598958333333334 0.16440677966101694 0.015104166666666667 0.09152542372881356
2 0.46979166666666666 0.14322033898305084 0.011458333333333333 0.06949152542372881
2 0.4817708333333333 0.1194915254237288 0.007291666666666667 0.05254237288135593
2 0.5661458333333333 0.211864406779661 0.01875 0.12542372881355932
2 0.5484375 0.16864406779661018 0.014583333333333334 0.08644067796610169
2 0.54140625 0.14661016949152542 0.009895833333333333 0.06610169491525424
2 0.5322916666666666 0.12457627118644067 0.007291666666666667 0.04915254237288135
