1 0.20494791666666667 0.885593220338983 0.06614583333333333 0.2288135593220339
1 0.3890625 0.3923728813559322 0.025 0.10338983050847457
0 0.6020833333333333 0.39152542372881355 0.026041666666666668 0.1152542372881356
0 0.7510416666666666 0.8991525423728813 0.057291666666666664 0.20169491525423727
2 0.42578125 0.2364406779661017 0.0234375 0.14745762711864407
2 0.5755208333333334 0.24322033898305084 0.026041666666666668 0.15762711864406778
2 0.4440104166666667 0.1771186440677966 0.015104166666666667 0.10338983050847457
2 0.5510416666666667 0.18305084745762712 0.017708333333333333 0.0983050847457627
2 0.4609375 0.15 0.0125 0.07966101694915254
2 0.5424479166666667 0.15338983050847457 0.011979166666666666 0.07288135593220339
2 0.47604166666666664 0.12372881355932203 0.008333333333333333 0.05423728813559322
2 0.5309895833333333 0.12542372881355932 0.0078125 0.05423728813559322
