1 0.33671875 0.5635593220338982 0.043229166666666666 0.16101694915254236
0 0.6622395833333333 0.5779661016949152 0.043229166666666666 0.17288135593220338
2 0.4114583333333333 0.29322033898305083 0.03229166666666666 0.18983050847457628
2 0.60546875 0.30508474576271183 0.033854166666666664 0.19999999999999998
2 0.44244791666666666 0.20254237288135593 0.018229166666666668 0.12033898305084745
2 0.56796875 0.21016949152542372 0.019270833333333334 0.11864406779661017
2 0.465625 0.16610169491525423 0.016666666666666666 0.0847457627118644
2 0.55546875 0.16864406779661018 0.0140625 0.08644067796610169
2 0.4825520833333333 0.1330508474576271 0.0078125 0.05593220338983051
2 0.5416666666666666 0.13644067796610168 0.008333333333333333 0.05593220338983051
