2 0.253125 0.6601694915254237 0.10208333333333333 0.5338983050847458
2 0.39765625 0.288135593220339 0.0296875 0.18983050847457628
2 0.5989583333333334 0.29745762711864404 0.03333333333333333 0.19491525423728814
2 0.7645833333333333 0.7245762711864406 0.10520833333333333 0.5508474576271186
2 0.4434895833333333 0.19915254237288135 0.018229166666666668 0.11694915254237288
2 0.56796875 0.20338983050847456 0.019270833333333334 0.1152542372881356
2 0.47213541666666664 0.14322033898305084 0.009895833333333333 0.06949152542372881
2 0.54375 0.14745762711864407 0.010416666666666666 0.06779661016949153
0 0.55234375 0.1559322033898305 0.005729166666666666 0.02711864406779661
1 0.4783854166666667 0.1440677966101695 0.005729166666666666 0.023728813559322035
1 0.4825520833333333 0.13559322033898305 0.0046875 0.02711864406779661
0 0.5489583333333333 0.1483050847457627 0.005208333333333333 0.022033898305084745
