2 0.15182291666666667 0.7152542372881355 0.12343749999999999 0.5661016949152542
2 0.7408854166666666 0.735593220338983 0.09947916666666666 0.5288135593220339
2 0.38203125 0.29406779661016946 0.03177083333333333 0.20169491525423727
2 0.5895833333333333 0.29491525423728815 0.03333333333333333 0.18983050847457628
2 0.44765625 0.16610169491525423 0.0140625 0.08813559322033898
2 0.5416666666666666 0.17372881355932202 0.013541666666666667 0.08644067796610169
0 0.5518229166666666 0.18305084745762712 0.008854166666666666 0.03389830508474576
1 0.45859374999999997 0.16440677966101694 0.008854166666666666 0.030508474576271184
1 0.4640625 0.15508474576271186 0.005208333333333333 0.02542372881355932
0 0.53828125 0.15 0.005729166666666666 0.022033898305084745
