2 0.1875 0.7177966101694915 0.11666666666666667 0.5644067796610169
2 0.7583333333333333 0.7059322033898305 0.10520833333333333 0.5372881355932203
2 0.44114583333333335 0.2059322033898305 0.020833333333333332 0.13050847457627118
2 0.5734375 0.2177966101694915 0.017708333333333333 0.12372881355932203
1 0.45026041666666666 0.21271186440677967 0.0078125 0.04576271186440678
1 0.4614583333333333 0.1906779661016949 0.009375 0.03898305084745762
1 0.46953125 0.1754237288135593 0.0067708333333333336 0.03220338983050847
0 0.5841145833333333 0.22033898305084745 0.0109375 0.04745762711864407
0 0.5658854166666667 0.17966101694915254 0.009895833333333333 0.03389830508474576
0 0.5611979166666666 0.1669491525423729 0.005729166666666666 0.02542372881355932
1 0.47291666666666665 0.16271186440677965 0.005208333333333333 0.02711864406779661
1 0.4778645833333333 0.1542372881355932 0.005729166666666666 0.023728813559322035
0 0.5559895833333334 0.15932203389830507 0.005729166666666666 0.023728813559322035
0 0.5526041666666667 0.15084745762711865 0.005208333333333333 0.023728813559322035
1 0.48125 0.14576271186440679 0.004166666666666667 0.023728813559322035
