2 0.4184895833333333 0.2483050847457627 0.027604166666666666 0.16779661016949152
2 0.5908854166666666 0.26101694915254237 0.0265625 0.15932203389830507
1 0.43333333333333335 0.24745762711864405 0.013541666666666667 0.0576271186440678
1 0.4505208333333333 0.21440677966101696 0.0125 0.04576271186440678
1 0.4609375 0.19152542372881357 0.008333333333333333 0.03389830508474576
1 0.465625 0.1754237288135593 0.008333333333333333 0.03559322033898305
1 0.47213541666666664 0.1635593220338983 0.0078125 0.0288135593220339
0 0.6018229166666667 0.25677966101694916 0.009895833333333333 0.05593220338983051
0 0.58203125 0.22118644067796608 0.0109375 0.04576271186440678
0 0.57265625 0.1966101694915254 0.009895833333333333 0.03728813559322034
0 0.56640625 0.18050847457627117 0.008854166666666666 0.03220338983050847
0 0.5604166666666667 0.17203389830508475 0.009375 0.0288135593220339
1 0.47630208333333335 0.15508474576271186 0.005729166666666666 0.02542372881355932
1 0.47890625 0.14745762711864407 0.005729166666666666 0.023728813559322035
0 0.5552083333333333 0.16101694915254236 0.005208333333333333 0.02711864406779661
0 0.5513020833333333 0.15169491525423728 0.005729166666666666 0.022033898305084745
0 0.5481770833333334 0.1440677966101695 0.0046875 0.020338983050847456
0 0.5450520833333333 0.13728813559322034 0.0046875 0.020338983050847456
0 0.5416666666666666 0.1330508474576271 0.004166666666666667 0.01864406779661017
1 0.4817708333333333 0.13983050847457626 0.004166666666666667 0.01864406779661017
