2 0.3755208333333333 0.3228813559322034 0.040625 0.22542372881355932
2 0.6231770833333333 0.3466101694915254 0.0390625 0.23559322033898306
1 0.4049479166666667 0.30508474576271183 0.019270833333333334 0.07796610169491525
1 0.43203125 0.24576271186440676 0.0140625 0.0576271186440678
1 0.4473958333333333 0.21440677966101696 0.010416666666666666 0.0423728813559322
1 0.45468749999999997 0.1906779661016949 0.009375 0.03898305084745762
1 0.46328125 0.17372881355932202 0.0078125 0.03559322033898305
1 0.46901041666666665 0.16016949152542373 0.005729166666666666 0.03220338983050847
0 0.59765625 0.2542372881355932 0.015104166666666667 0.05423728813559322
0 0.58203125 0.21864406779661016 0.013020833333333334 0.04406779661016949
0 0.5729166666666666 0.19576271186440677 0.010416666666666666 0.03559322033898305
0 0.5640625 0.18050847457627117 0.009375 0.03559322033898305
0 0.5583333333333333 0.16779661016949152 0.007291666666666667 0.02711864406779661
0 0.5526041666666667 0.1559322033898305 0.00625 0.023728813559322035
0 0.5484375 0.14661016949152542 0.00625 0.02542372881355932
0 0.5450520833333333 0.13813559322033897 0.0046875 0.022033898305084745
0 0.540625 0.13389830508474576 0.005208333333333333 0.020338983050847456
1 0.47239583333333335 0.15084745762711865 0.005208333333333333 0.02711864406779661
1 0.4747395833333333 0.1423728813559322 0.0046875 0.023728813559322035
1 0.47760416666666666 0.13559322033898305 0.005208333333333333 0.023728813559322035
