2 0.25026041666666665 0.5542372881355933 0.07864583333333333 0.4271186440677966
2 0.7041666666666666 0.5966101694915255 0.078125 0.4440677966101695
1 0.3341145833333333 0.4288135593220339 0.0265625 0.1152542372881356
1 0.3911458333333333 0.31610169491525425 0.019791666666666666 0.08305084745762711
0 0.6671875 0.4313559322033898 0.027083333333333334 0.12033898305084745
0 0.6119791666666666 0.3169491525423729 0.016666666666666666 0.07796610169491525
1 0.41822916666666665 0.2584745762711864 0.013541666666666667 0.05593220338983051
1 0.4302083333333333 0.22033898305084745 0.011458333333333333 0.04745762711864407
1 0.4419270833333333 0.19576271186440677 0.009895833333333333 0.0423728813559322
1 0.4497395833333333 0.18135593220338983 0.0078125 0.03389830508474576
0 0.5875 0.26016949152542374 0.015625 0.05593220338983051
0 0.57265625 0.22457627118644066 0.0140625 0.04915254237288135
0 0.56171875 0.20508474576271185 0.009895833333333333 0.04067796610169491
0 0.553125 0.1864406779661017 0.008333333333333333 0.03389830508474576
0 0.5463541666666667 0.17033898305084746 0.007291666666666667 0.0288135593220339
1 0.45546875 0.16610169491525423 0.0078125 0.030508474576271184
1 0.4588541666666667 0.15508474576271186 0.00625 0.02542372881355932
0 0.5416666666666666 0.15847457627118644 0.00625 0.0288135593220339
1 0.46197916666666666 0.14576271186440679 0.005208333333333333 0.023728813559322035
0 0.5322916666666666 0.14322033898305084 0.005208333333333333 0.022033898305084745
0 0.5369791666666667 0.14915254237288136 0.00625 0.023728813559322035
