1 0.17734375 0.7813559322033898 0.06927083333333334 0.2271186440677966
1 0.33697916666666666 0.43389830508474575 0.027083333333333334 0.1152542372881356
1 0.3893229166666667 0.3220338983050847 0.01614583333333333 0.07796610169491525
1 0.41171874999999997 0.26101694915254237 0.0140625 0.06440677966101695
1 0.4309895833333333 0.22372881355932203 0.011979166666666666 0.05084745762711864
1 0.44166666666666665 0.19999999999999998 0.010416666666666666 0.04067796610169491
1 0.44869791666666664 0.18050847457627117 0.008854166666666666 0.03559322033898305
1 0.45416666666666666 0.16779661016949152 0.007291666666666667 0.030508474576271184
1 0.45859374999999997 0.15508474576271186 0.0067708333333333336 0.0288135593220339
0 0.5421875 0.15762711864406778 0.007291666666666667 0.02711864406779661
0 0.54765625 0.17033898305084746 0.0078125 0.0288135593220339
0 0.5544270833333333 0.1847457627118644 0.009895833333333333 0.03389830508474576
0 0.56328125 0.20677966101694914 0.009895833333333333 0.04067796610169491
0 0.57421875 0.2330508474576271 0.011979166666666666 0.04915254237288135
0 0.5895833333333333 0.26101694915254237 0.015625 0.05423728813559322
0 0.6143229166666666 0.3228813559322034 0.021354166666666667 0.07288135593220339
0 0.6614583333333334 0.4330508474576271 0.03125 0.10677966101694915
0 0.796875 0.7542372881355932 0.06145833333333333 0.21016949152542372
