1 0.22682291666666665 0.7313559322033898 0.05364583333333333 0.211864406779661
0 0.7973958333333333 0.7059322033898305 0.0625 0.1983050847457627
0 0.6791666666666667 0.4313559322033898 0.03229166666666666 0.11016949152542373
0 0.6338541666666666 0.31610169491525425 0.020833333333333332 0.07288135593220339
0 0.6083333333333333 0.2669491525423729 0.014583333333333334 0.059322033898305086
0 0.5921875 0.23220338983050848 0.011458333333333333 0.04745762711864407
0 0.5794270833333334 0.20169491525423727 0.011979166666666666 0.04067796610169491
0 0.5705729166666667 0.18135593220338983 0.008854166666666666 0.03389830508474576
0 0.5638020833333334 0.16779661016949152 0.0078125 0.02711864406779661
0 0.55703125 0.15932203389830507 0.005729166666666666 0.02711864406779661
1 0.4744791666666667 0.15508474576271186 0.007291666666666667 0.0288135593220339
1 0.4700520833333333 0.1635593220338983 0.008854166666666666 0.03559322033898305
1 0.46380208333333334 0.17881355932203388 0.008854166666666666 0.03898305084745762
1 0.45651041666666664 0.1966101694915254 0.0109375 0.04067796610169491
1 0.4466145833333333 0.22372881355932203 0.011979166666666666 0.05084745762711864
1 0.4315104166666667 0.2576271186440678 0.015104166666666667 0.06101694915254237
1 0.4010416666666667 0.31864406779661014 0.01875 0.07796610169491525
1 0.35833333333333334 0.43389830508474575 0.028125 0.11186440677966102
