1 0.21770833333333334 0.7661016949152543 0.06458333333333333 0.22372881355932203
1 0.3421875 0.44152542372881354 0.03125 0.12372881355932203
1 0.3997395833333333 0.3220338983050847 0.0203125 0.07796610169491525
1 0.42473958333333334 0.2635593220338983 0.015104166666666667 0.059322033898305086
1 0.4401041666666667 0.22457627118644066 0.0125 0.04915254237288135
1 0.4505208333333333 0.20084745762711864 0.010416666666666666 0.0423728813559322
1 0.45859374999999997 0.17881355932203388 0.009895833333333333 0.03898305084745762
1 0.46458333333333335 0.16864406779661018 0.007291666666666667 0.03220338983050847
0 0.5583333333333333 0.1711864406779661 0.007291666666666667 0.030508474576271184
0 0.5671875 0.18305084745762712 0.009375 0.03389830508474576
0 0.5760416666666667 0.20169491525423727 0.010416666666666666 0.04067796610169491
0 0.5890625 0.23135593220338982 0.014583333333333334 0.04915254237288135
0 0.6083333333333333 0.27627118644067794 0.014583333333333334 0.06101694915254237
0 0.6356770833333333 0.33559322033898303 0.019270833333333334 0.07796610169491525
0 0.6833333333333333 0.43050847457627117 0.03125 0.10847457627118644
0 0.8122395833333333 0.735593220338983 0.0609375 0.20677966101694914
