1 0.16901041666666666 0.8033898305084746 0.07447916666666667 0.23728813559322035
1 0.33203125 0.4516949152542373 0.0296875 0.1271186440677966
1 0.38359375 0.33728813559322035 0.0203125 0.08135593220338982
1 0.41015625 0.26864406779661015 0.01614583333333333 0.06271186440677966
1 0.42604166666666665 0.22966101694915253 0.0125 0.05254237288135593
1 0.43828125 0.19999999999999998 0.011979166666666666 0.04745762711864407
1 0.44687499999999997 0.1847457627118644 0.008333333333333333 0.03728813559322034
0 0.55546875 0.18559322033898304 0.009895833333333333 0.03559322033898305
0 0.5666666666666667 0.20254237288135593 0.010416666666666666 0.03898305084745762
0 0.5783854166666667 0.22796610169491524 0.013020833333333334 0.04915254237288135
0 0.5979166666666667 0.2711864406779661 0.017708333333333333 0.06101694915254237
0 0.6307291666666667 0.34745762711864403 0.019791666666666666 0.08135593220338982
0 0.6848958333333334 0.46779661016949153 0.027083333333333334 0.11864406779661017
0 0.8052083333333333 0.7220338983050847 0.059375 0.19999999999999998
