1 0.14401041666666667 0.8406779661016949 0.07447916666666667 0.2542372881355932
1 0.3020833333333333 0.4779661016949152 0.035416666666666666 0.12203389830508474
1 0.36354166666666665 0.33559322033898303 0.021875 0.08135593220338982
1 0.3921875 0.27033898305084747 0.015625 0.06610169491525424
1 0.4122395833333333 0.22542372881355932 0.0140625 0.05423728813559322
1 0.42421875 0.20338983050847456 0.0109375 0.04406779661016949
0 0.55234375 0.20084745762711864 0.009895833333333333 0.0423728813559322
0 0.5671875 0.22542372881355932 0.0125 0.04745762711864407
0 0.58515625 0.2635593220338983 0.015104166666666667 0.06271186440677966
0 0.61640625 0.33559322033898303 0.0234375 0.08135593220338982
0 0.6807291666666666 0.48813559322033895 0.03229166666666666 0.1288135593220339
0 0.8265625 0.8296610169491525 0.065625 0.24237288135593218
