1 0.8484375 0.7872881355932203 0.06458333333333333 0.21864406779661016
0 0.13567708333333334 0.9127118644067796 0.044270833333333336 0.16440677966101694
0 0.2981770833333333 0.5228813559322034 0.034895833333333334 0.14067796610169492
1 0.7036458333333333 0.47203389830508474 0.035416666666666666 0.13389830508474576
1 0.63828125 0.34576271186440677 0.021354166666666667 0.0847457627118644
1 0.5830729166666666 0.2364406779661017 0.0109375 0.05254237288135593
1 0.6052083333333333 0.27796610169491526 0.017708333333333333 0.06440677966101695
1 0.5705729166666667 0.20847457627118643 0.011979166666666666 0.04406779661016949
0 0.3703125 0.35338983050847456 0.027083333333333334 0.09661016949152543
0 0.4083333333333333 0.2711864406779661 0.017708333333333333 0.06440677966101695
0 0.4296875 0.22542372881355932 0.013541666666666667 0.05084745762711864
0 0.43984375 0.19999999999999998 0.011979166666666666 0.04406779661016949
0 0.44687499999999997 0.18050847457627117 0.008333333333333333 0.03559322033898305
0 0.45625 0.16186440677966102 0.009375 0.03220338983050847
0 0.46197916666666666 0.15169491525423728 0.00625 0.02542372881355932
0 0.4669270833333333 0.14152542372881355 0.005729166666666666 0.02542372881355932
2 0.48125 0.1194915254237288 0.009375 0.05254237288135593
