0 0.2833333333333333 0.5432203389830508 0.03854166666666667 0.14067796610169492
0 0.36171875 0.3644067796610169 0.0265625 0.0983050847457627
0 0.4 0.2796610169491525 0.017708333333333333 0.06779661016949153
0 0.4223958333333333 0.23389830508474577 0.0125 0.05084745762711864
0 0.4328125 0.2093220338983051 0.011458333333333333 0.0423728813559322
0 0.440625 0.18983050847457628 0.009375 0.03728813559322034
0 0.44947916666666665 0.17033898305084746 0.008333333333333333 0.03559322033898305
0 0.4557291666666667 0.15677966101694915 0.007291666666666667 0.0288135593220339
0 0.46015625 0.14745762711864407 0.005729166666666666 0.02711864406779661
2 0.4747395833333333 0.1271186440677966 0.008854166666666666 0.05423728813559322
2 0.48020833333333335 0.11271186440677966 0.005208333333333333 0.0423728813559322
1 0.5770833333333333 0.24406779661016947 0.010416666666666666 0.04745762711864407
1 0.5645833333333333 0.2177966101694915 0.011458333333333333 0.04576271186440678
1 0.5994791666666667 0.2864406779661017 0.017708333333333333 0.06101694915254237
1 0.6341145833333334 0.3542372881355932 0.0203125 0.0847457627118644
1 0.70078125 0.4864406779661017 0.03177083333333333 0.13559322033898305
1 0.8557291666666667 0.8228813559322034 0.06666666666666667 0.2288135593220339
