0 0.18463541666666666 0.6830508474576271 0.05364583333333333 0.17627118644067796
0 0.30234375 0.41694915254237286 0.0328125 0.1152542372881356
0 0.35442708333333334 0.3059322033898305 0.019270833333333334 0.07288135593220339
0 0.38203125 0.25 0.015104166666666667 0.05593220338983051
0 0.3950520833333333 0.22288135593220337 0.015104166666666667 0.04576271186440678
0 0.4036458333333333 0.19999999999999998 0.009375 0.04067796610169491
0 0.41484375 0.17881355932203388 0.009895833333333333 0.03220338983050847
0 0.42135416666666664 0.1652542372881356 0.00625 0.0288135593220339
0 0.42682291666666666 0.1542372881355932 0.005729166666666666 0.030508474576271184
2 0.44166666666666665 0.13050847457627118 0.010416666666666666 0.05423728813559322
2 0.44817708333333334 0.11694915254237288 0.0067708333333333336 0.04067796610169491
1 0.5346354166666667 0.22627118644067795 0.011979166666666666 0.04576271186440678
1 0.54921875 0.2584745762711864 0.011979166666666666 0.05254237288135593
1 0.5744791666666667 0.3076271186440678 0.01875 0.06949152542372881
1 0.6135416666666667 0.38813559322033897 0.02395833333333333 0.09491525423728814
1 0.6989583333333333 0.5627118644067797 0.0375 0.16271186440677965
