0 0.20390624999999998 0.5694915254237288 0.04739583333333333 0.16610169491525423
0 0.30442708333333335 0.3711864406779661 0.025520833333333333 0.09152542372881356
0 0.34869791666666666 0.28559322033898304 0.0171875 0.06610169491525424
0 0.36822916666666666 0.24491525423728813 0.015625 0.05254237288135593
0 0.3807291666666667 0.21694915254237288 0.011458333333333333 0.04406779661016949
0 0.39557291666666666 0.1906779661016949 0.0109375 0.03898305084745762
0 0.40520833333333334 0.1754237288135593 0.009375 0.03220338983050847
0 0.4114583333333333 0.16101694915254236 0.00625 0.02711864406779661
2 0.42890625 0.13644067796610168 0.009895833333333333 0.06271186440677966
2 0.4361979166666667 0.1194915254237288 0.0067708333333333336 0.04576271186440678
1 0.51875 0.21610169491525424 0.009375 0.04576271186440678
1 0.5296875 0.24915254237288134 0.013541666666666667 0.05423728813559322
1 0.5466145833333333 0.29152542372881357 0.015104166666666667 0.06440677966101695
1 0.5794270833333334 0.36271186440677966 0.0234375 0.0847457627118644
1 0.6390625 0.4949152542372881 0.034375 0.1288135593220339
1 0.80546875 0.8720338983050847 0.0609375 0.2559322033898305
