1 0.771875 0.8364406779661017 0.06875 0.25254237288135595
1 0.58125 0.3525423728813559 0.017708333333333333 0.08135593220338982
1 0.5565104166666667 0.2864406779661017 0.01614583333333333 0.06101694915254237
1 0.54296875 0.23983050847457626 0.013020833333333334 0.04915254237288135
1 0.5278645833333333 0.21016949152542372 0.008854166666666666 0.04067796610169491
2 0.44140625 0.13728813559322034 0.0109375 0.06440677966101695
0 0.42161458333333335 0.16610169491525423 0.0067708333333333336 0.030508474576271184
0 0.4122395833333333 0.18389830508474575 0.008854166666666666 0.03559322033898305
0 0.4005208333333333 0.20508474576271185 0.0125 0.04067796610169491
0 0.37890625 0.2389830508474576 0.013020833333333334 0.05423728813559322
0 0.359375 0.28135593220338984 0.017708333333333333 0.06440677966101695
0 0.3260416666666667 0.34576271186440677 0.022916666666666665 0.08813559322033898
0 0.2359375 0.5127118644067796 0.036458333333333336 0.14067796610169492
1 0.63515625 0.4949152542372881 0.03697916666666667 0.12542372881355932
