0 0.26927083333333335 0.46694915254237285 0.036458333333333336 0.12033898305084745
0 0.3338541666666667 0.34576271186440677 0.025 0.0847457627118644
0 0.36822916666666666 0.27796610169491526 0.016666666666666666 0.06440677966101695
0 0.3984375 0.22796610169491524 0.013541666666666667 0.05254237288135593
0 0.41510416666666666 0.1983050847457627 0.010416666666666666 0.04406779661016949
0 0.4278645833333333 0.17627118644067796 0.008854166666666666 0.03728813559322034
2 0.4505208333333333 0.1423728813559322 0.011458333333333333 0.0711864406779661
1 0.55 0.23559322033898306 0.011458333333333333 0.04745762711864407
1 0.56796875 0.27627118644067794 0.0140625 0.06101694915254237
1 0.5908854166666666 0.3508474576271186 0.022395833333333334 0.0847457627118644
1 0.634375 0.4788135593220339 0.027083333333333334 0.12372881355932203
1 0.7645833333333333 0.8406779661016949 0.06875 0.26440677966101694
