0 0.28515625 0.559322033898305 0.05364583333333333 0.18305084745762712
0 0.5692708333333333 0.27627118644067794 0.017708333333333333 0.0847457627118644
0 0.7208333333333333 0.21271186440677967 0.017708333333333333 0.05593220338983051
1 0.9572916666666667 0.42033898305084744 0.0375 0.11186440677966102
1 0.9533854166666667 0.3042372881355932 0.018229166666666668 0.05593220338983051
0 0.7966145833333333 0.1923728813559322 0.008854166666666666 0.0423728813559322
0 0.8390624999999999 0.17627118644067796 0.009375 0.03728813559322034
0 0.8848958333333333 0.1754237288135593 0.008333333333333333 0.03220338983050847
1 0.9302083333333333 0.2406779661016949 0.013541666666666667 0.05423728813559322
1 0.9661458333333334 0.22372881355932203 0.008333333333333333 0.04067796610169491
0 0.9901041666666667 0.18728813559322033 0.007291666666666667 0.0288135593220339
1 0.9963541666666667 0.21440677966101696 0.007291666666666667 0.03898305084745762
