0 0.12942708333333333 0.7694915254237288 0.08072916666666667 0.26101694915254237
0 0.51953125 0.3042372881355932 0.0265625 0.09999999999999999
1 0.9393229166666667 0.44661016949152543 0.034895833333333334 0.1135593220338983
0 0.6760416666666667 0.2059322033898305 0.017708333333333333 0.04576271186440678
1 0.9127604166666666 0.3059322033898305 0.018229166666666668 0.06610169491525424
0 0.7502604166666667 0.18728813559322033 0.008854166666666666 0.0423728813559322
0 0.78828125 0.16779661016949152 0.0078125 0.03728813559322034
0 0.8296875 0.16610169491525423 0.007291666666666667 0.030508474576271184
0 0.9244791666666666 0.1754237288135593 0.007291666666666667 0.03220338983050847
1 0.88046875 0.23389830508474577 0.011979166666666666 0.05084745762711864
1 0.9098958333333333 0.21440677966101696 0.00625 0.0423728813559322
1 0.93515625 0.20338983050847456 0.0078125 0.03728813559322034
1 0.99296875 0.2059322033898305 0.0078125 0.03220338983050847
