0 0.46197916666666666 0.3330508474576271 0.03333333333333333 0.10338983050847457
1 0.93359375 0.4779661016949152 0.0421875 0.12542372881355932
1 0.8791666666666667 0.3008474576271186 0.028125 0.06949152542372881
0 0.6333333333333333 0.21440677966101696 0.019791666666666666 0.059322033898305086
0 0.7052083333333333 0.17457627118644067 0.009375 0.04745762711864407
0 0.7408854166666666 0.15338983050847457 0.008854166666666666 0.03898305084745762
0 0.7799479166666666 0.15254237288135591 0.005729166666666666 0.030508474576271184
0 0.86796875 0.15847457627118644 0.005729166666666666 0.02542372881355932
0 0.9549479166666667 0.17288135593220338 0.005729166666666666 0.02711864406779661
1 0.8359375 0.22288135593220337 0.009375 0.04915254237288135
1 0.8591145833333333 0.1966101694915254 0.0067708333333333336 0.03728813559322034
1 0.88046875 0.18728813559322033 0.0067708333333333336 0.03220338983050847
1 0.9315104166666667 0.1864406779661017 0.008854166666666666 0.03728813559322034
