0 0.384375 0.3923728813559322 0.034375 0.12033898305084745
0 0.58203125 0.2135593220338983 0.021354166666666667 0.06779661016949153
1 0.9213541666666667 0.5220338983050847 0.041666666666666664 0.14915254237288136
1 0.8359375 0.3059322033898305 0.022916666666666665 0.08305084745762711
0 0.6520833333333333 0.1669491525423729 0.009375 0.04576271186440678
0 0.68671875 0.1440677966101695 0.009895833333333333 0.04067796610169491
0 0.7223958333333333 0.13559322033898305 0.007291666666666667 0.030508474576271184
0 0.8046875 0.13898305084745763 0.005208333333333333 0.02711864406779661
0 0.8846354166666667 0.15338983050847457 0.0046875 0.02542372881355932
0 0.9421875 0.16101694915254236 0.00625 0.02711864406779661
1 0.7846354166666667 0.21101694915254238 0.009895833333333333 0.04915254237288135
1 0.803125 0.18220338983050846 0.009375 0.03559322033898305
1 0.8200520833333333 0.17033898305084746 0.008854166666666666 0.03220338983050847
1 0.8661458333333333 0.16864406779661018 0.00625 0.0288135593220339
1 0.9328124999999999 0.17796610169491525 0.00625 0.02711864406779661
