0 0.3078125 0.48813559322033895 0.06041666666666667 0.17966101694915254
0 0.5432291666666667 0.22627118644067795 0.017708333333333333 0.05254237288135593
1 0.82109375 0.31610169491525425 0.022395833333333334 0.08983050847457627
1 0.9494791666666667 0.6008474576271187 0.04895833333333333 0.1711864406779661
0 0.6221354166666666 0.17288135593220338 0.0140625 0.04406779661016949
0 0.65234375 0.1423728813559322 0.0078125 0.04067796610169491
0 0.6880208333333333 0.1347457627118644 0.007291666666666667 0.03220338983050847
0 0.76875 0.13389830508474576 0.00625 0.030508474576271184
1 0.7575520833333333 0.21440677966101696 0.0109375 0.05254237288135593
1 0.7708333333333334 0.18050847457627117 0.007291666666666667 0.03898305084745762
1 0.78671875 0.1694915254237288 0.0067708333333333336 0.03389830508474576
1 0.8291666666666666 0.16271186440677965 0.007291666666666667 0.030508474576271184
1 0.8921875 0.17033898305084746 0.008333333333333333 0.0288135593220339
1 0.97109375 0.18898305084745762 0.0067708333333333336 0.02542372881355932
0 0.8997395833333334 0.15169491525423728 0.0078125 0.0288135593220339
0 0.9658854166666666 0.1652542372881356 0.0067708333333333336 0.02542372881355932
0 0.8450520833333334 0.14661016949152542 0.0067708333333333336 0.0288135593220339
