0 0.17682291666666666 0.6627118644067796 0.0609375 0.2305084745762712
0 0.50390625 0.2406779661016949 0.027604166666666666 0.06440677966101695
0 0.8067708333333333 0.32796610169491525 0.028125 0.08644067796610169
0 0.58359375 0.17033898305084746 0.011979166666666666 0.05593220338983051
0 0.6171875 0.13813559322033897 0.011458333333333333 0.04915254237288135
0 0.6528645833333333 0.12796610169491526 0.0067708333333333336 0.0288135593220339
0 0.7317708333333334 0.12542372881355932 0.007291666666666667 0.02711864406779661
0 0.8067708333333333 0.1347457627118644 0.007291666666666667 0.02542372881355932
0 0.859375 0.13983050847457626 0.00625 0.02542372881355932
0 0.9229166666666666 0.15169491525423728 0.005208333333333333 0.02542372881355932
1 0.7299479166666667 0.21440677966101696 0.0109375 0.05593220338983051
1 0.7395833333333334 0.17627118644067796 0.007291666666666667 0.03728813559322034
1 0.7533854166666667 0.15847457627118644 0.005729166666666666 0.03559322033898305
1 0.7932291666666667 0.15084745762711865 0.007291666666666667 0.030508474576271184
1 0.8544270833333333 0.15847457627118644 0.0067708333333333336 0.02542372881355932
1 0.9289062499999999 0.17203389830508475 0.0067708333333333336 0.02542372881355932
1 0.9479166666666666 0.1152542372881356 0.005208333333333333 0.020338983050847456
