0 0.49557291666666664 0.261864406779661 0.0234375 0.07966101694915254
1 0.83671875 0.3677966101694915 0.025520833333333333 0.09152542372881356
1 0.7388020833333333 0.22796610169491524 0.0109375 0.05593220338983051
0 0.58046875 0.17966101694915254 0.018229166666666668 0.04745762711864407
0 0.6143229166666666 0.13813559322033897 0.009895833333333333 0.0423728813559322
0 0.65 0.12796610169491526 0.010416666666666666 0.03559322033898305
0 0.73046875 0.12288135593220338 0.0067708333333333336 0.0288135593220339
1 0.74375 0.17796610169491525 0.010416666666666666 0.04067796610169491
1 0.7549479166666666 0.15932203389830507 0.0067708333333333336 0.03728813559322034
1 0.7947916666666667 0.15169491525423728 0.007291666666666667 0.0288135593220339
1 0.8565104166666666 0.15508474576271186 0.0067708333333333336 0.0288135593220339
1 0.93203125 0.16779661016949152 0.0067708333333333336 0.030508474576271184
0 0.80625 0.12796610169491526 0.008333333333333333 0.0288135593220339
0 0.8591145833333333 0.1347457627118644 0.0067708333333333336 0.0288135593220339
0 0.9234375 0.14915254237288136 0.00625 0.02711864406779661
1 0.9471354166666667 0.10932203389830508 0.0046875 0.022033898305084745
