0 0.3143229166666667 0.338135593220339 0.028645833333333332 0.1135593220338983
0 0.5119791666666667 0.2177966101694915 0.016666666666666666 0.059322033898305086
1 0.7854166666666667 0.5330508474576271 0.041666666666666664 0.17457627118644067
1 0.7466145833333333 0.3016949152542373 0.0234375 0.08813559322033898
1 0.7671875 0.2330508474576271 0.016666666666666666 0.05254237288135593
0 0.5919270833333333 0.1694915254237288 0.0109375 0.05084745762711864
0 0.6640625 0.14661016949152542 0.010416666666666666 0.03559322033898305
0 0.70546875 0.13220338983050847 0.0078125 0.03389830508474576
0 0.7736979166666667 0.13050847457627118 0.0067708333333333336 0.02711864406779661
0 0.8697916666666666 0.13644067796610168 0.008333333333333333 0.0288135593220339
1 0.7916666666666666 0.17881355932203388 0.011458333333333333 0.04576271186440678
1 0.8098958333333334 0.1652542372881356 0.008333333333333333 0.03220338983050847
1 0.85234375 0.15338983050847457 0.009895833333333333 0.03220338983050847
1 0.9432291666666667 0.16101694915254236 0.009375 0.03389830508474576
1 0.99609375 0.16864406779661018 0.0078125 0.03559322033898305
