0 0.2869791666666667 0.3754237288135593 0.03333333333333333 0.11694915254237288
1 0.82109375 0.6110169491525423 0.043229166666666666 0.188135593220339
0 0.5111979166666667 0.23813559322033898 0.019270833333333334 0.06949152542372881
1 0.7622395833333333 0.33644067796610166 0.024479166666666666 0.07627118644067796
0 0.5924479166666666 0.17627118644067796 0.013020833333333334 0.05423728813559322
0 0.6661458333333333 0.14915254237288136 0.009375 0.03728813559322034
0 0.7065104166666667 0.13813559322033897 0.008854166666666666 0.03898305084745762
0 0.7763020833333333 0.1347457627118644 0.0078125 0.03220338983050847
0 0.87265625 0.14322033898305084 0.0067708333333333336 0.0288135593220339
1 0.7786458333333334 0.2347457627118644 0.013541666666666667 0.05593220338983051
1 0.7981770833333334 0.188135593220339 0.009895833333333333 0.05084745762711864
1 0.8166666666666667 0.1694915254237288 0.009375 0.03728813559322034
1 0.8575520833333333 0.15677966101694915 0.008854166666666666 0.03559322033898305
1 0.9505208333333334 0.16779661016949152 0.008333333333333333 0.030508474576271184
