0 0.2609375 0.42203389830508475 0.0375 0.13898305084745763
0 0.509375 0.2483050847457627 0.01875 0.07966101694915254
1 0.7807291666666667 0.35847457627118645 0.02395833333333333 0.09661016949152543
1 0.8630208333333333 0.7033898305084746 0.053125 0.21016949152542372
0 0.5940104166666667 0.1847457627118644 0.0140625 0.0576271186440678
0 0.66875 0.15762711864406778 0.010416666666666666 0.04067796610169491
0 0.7091145833333333 0.14152542372881355 0.0078125 0.03220338983050847
0 0.7802083333333333 0.13898305084745763 0.008333333333333333 0.03389830508474576
0 0.8783854166666667 0.14322033898305084 0.0078125 0.0288135593220339
1 0.7890625 0.24406779661016947 0.013541666666666667 0.06101694915254237
1 0.8059895833333334 0.1923728813559322 0.011979166666666666 0.04915254237288135
1 0.82265625 0.17372881355932202 0.008854166666666666 0.03559322033898305
1 0.8645833333333334 0.16271186440677965 0.009375 0.03728813559322034
1 0.9580729166666666 0.1669491525423729 0.0109375 0.03559322033898305
