0 0.16354166666666667 0.5635593220338982 0.04895833333333333 0.16779661016949152
0 0.4973958333333333 0.2830508474576271 0.029166666666666667 0.08813559322033898
1 0.82265625 0.42203389830508475 0.0328125 0.1152542372881356
0 0.5927083333333333 0.21101694915254238 0.0125 0.05254237288135593
0 0.6705729166666666 0.16779661016949152 0.013020833333333334 0.04406779661016949
0 0.7127604166666667 0.1483050847457627 0.0109375 0.03898305084745762
0 0.7838541666666666 0.14661016949152542 0.008333333333333333 0.03220338983050847
0 0.88359375 0.14745762711864407 0.0078125 0.030508474576271184
1 0.8111979166666666 0.27372881355932205 0.01614583333333333 0.06610169491525424
1 0.8197916666666667 0.2093220338983051 0.011458333333333333 0.05254237288135593
1 0.83359375 0.18135593220338983 0.008854166666666666 0.04067796610169491
1 0.8721354166666666 0.1694915254237288 0.008854166666666666 0.04067796610169491
1 0.9690104166666667 0.17627118644067796 0.008854166666666666 0.030508474576271184
