0 0.08645833333333333 0.6652542372881356 0.05520833333333333 0.20169491525423727
0 0.48802083333333335 0.3042372881355932 0.025 0.09322033898305085
1 0.8369791666666666 0.44576271186440675 0.029166666666666667 0.13559322033898305
1 0.81875 0.29406779661016946 0.015625 0.06949152542372881
0 0.5869791666666666 0.211864406779661 0.015625 0.06779661016949153
0 0.66640625 0.17203389830508475 0.008854166666666666 0.04576271186440678
0 0.7072916666666667 0.14661016949152542 0.008333333333333333 0.0423728813559322
0 0.7794270833333333 0.14322033898305084 0.008854166666666666 0.03898305084745762
0 0.8783854166666667 0.14661016949152542 0.0078125 0.03220338983050847
1 0.8203125 0.21016949152542372 0.010416666666666666 0.05084745762711864
1 0.8309895833333333 0.18389830508474575 0.009895833333333333 0.04576271186440678
1 0.8697916666666666 0.17033898305084746 0.009375 0.03898305084745762
1 0.96484375 0.17372881355932202 0.009895833333333333 0.03559322033898305
