0 0.46901041666666665 0.3305084745762712 0.0234375 0.10508474576271186
1 0.8567708333333334 0.5093220338983051 0.035416666666666666 0.13728813559322034
0 0.5760416666666667 0.2194915254237288 0.017708333333333333 0.06949152542372881
1 0.8184895833333333 0.3008474576271186 0.019270833333333334 0.06271186440677966
0 0.6572916666666666 0.1694915254237288 0.0125 0.05084745762711864
0 0.6984375 0.14915254237288136 0.009375 0.04067796610169491
0 0.7703125 0.1423728813559322 0.009375 0.03728813559322034
0 0.86875 0.14661016949152542 0.009375 0.03220338983050847
1 0.8166666666666667 0.21610169491525424 0.013541666666666667 0.05254237288135593
1 0.8244791666666667 0.18220338983050846 0.010416666666666666 0.0423728813559322
1 0.8619791666666666 0.17203389830508475 0.008333333333333333 0.03898305084745762
1 0.9562499999999999 0.17203389830508475 0.008333333333333333 0.03220338983050847
