0 0.44166666666666665 0.36610169491525424 0.029166666666666667 0.11186440677966102
0 0.5606770833333333 0.22627118644067795 0.013020833333333334 0.05254237288135593
1 0.8841145833333334 0.5525423728813559 0.049479166666666664 0.16271186440677965
1 0.8143229166666667 0.3093220338983051 0.019270833333333334 0.07627118644067796
0 0.6432291666666666 0.17203389830508475 0.011458333333333333 0.05593220338983051
0 0.6830729166666667 0.1483050847457627 0.009895833333333333 0.03898305084745762
0 0.75546875 0.13728813559322034 0.008854166666666666 0.030508474576271184
0 0.8526041666666666 0.13898305084745763 0.009375 0.03389830508474576
1 0.98984375 0.1771186440677966 0.0109375 0.03898305084745762
1 0.9395833333333333 0.17288135593220338 0.011458333333333333 0.03389830508474576
1 0.84765625 0.17033898305084746 0.008854166666666666 0.03559322033898305
1 0.8122395833333333 0.18389830508474575 0.011979166666666666 0.04576271186440678
1 0.80625 0.2194915254237288 0.010416666666666666 0.04576271186440678
