0 0.4127604166666667 0.39915254237288134 0.0359375 0.1271186440677966
0 0.5434895833333333 0.23813559322033898 0.0203125 0.07627118644067796
0 0.62890625 0.1754237288135593 0.015104166666666667 0.04915254237288135
0 0.6703125 0.14661016949152542 0.010416666666666666 0.03898305084745762
0 0.7419270833333333 0.13644067796610168 0.009895833333333333 0.03559322033898305
0 0.8375 0.13728813559322034 0.008333333333333333 0.02711864406779661
1 0.9119791666666667 0.6330508474576271 0.05416666666666667 0.188135593220339
1 0.8158854166666667 0.32033898305084746 0.0234375 0.08135593220338982
1 0.7979166666666666 0.22372881355932203 0.014583333333333334 0.05084745762711864
1 0.8010416666666667 0.18135593220338983 0.010416666666666666 0.03728813559322034
1 0.8354166666666667 0.1669491525423729 0.010416666666666666 0.03220338983050847
1 0.9255208333333333 0.16864406779661018 0.009375 0.03220338983050847
1 0.97421875 0.16864406779661018 0.008854166666666666 0.03220338983050847
