1 0.3692708333333333 0.4525423728813559 0.042708333333333334 0.15932203389830507
1 0.5192708333333333 0.24661016949152542 0.022916666666666665 0.07966101694915254
1 0.6080729166666666 0.17288135593220338 0.015104166666666667 0.05084745762711864
1 0.6486979166666667 0.1423728813559322 0.0109375 0.04067796610169491
1 0.7203125 0.13050847457627118 0.009375 0.03389830508474576
0 0.8075520833333333 0.3330508474576271 0.025520833333333333 0.08983050847457627
0 0.9440104166666666 0.7203389830508474 0.06510416666666667 0.22033898305084745
0 0.78203125 0.22033898305084745 0.01614583333333333 0.05084745762711864
0 0.7815104166666667 0.17627118644067796 0.0109375 0.04067796610169491
0 0.8143229166666667 0.16016949152542373 0.0109375 0.03559322033898305
1 0.8143229166666667 0.1288135593220339 0.0078125 0.02711864406779661
0 0.9013020833333333 0.16016949152542373 0.009895833333333333 0.0288135593220339
0 0.9471354166666667 0.16271186440677965 0.0109375 0.030508474576271184
