1 0.3182291666666667 0.5296610169491526 0.051041666666666666 0.1847457627118644
1 0.49453125 0.26101694915254237 0.0234375 0.08813559322033898
1 0.58671875 0.17627118644067796 0.015104166666666667 0.05423728813559322
1 0.6283854166666667 0.1423728813559322 0.011979166666666666 0.04406779661016949
1 0.7002604166666666 0.1288135593220339 0.008854166666666666 0.03389830508474576
1 0.7934895833333333 0.1271186440677966 0.0078125 0.030508474576271184
0 0.803125 0.3525423728813559 0.027083333333333334 0.0983050847457627
0 0.7674479166666667 0.22288135593220337 0.01614583333333333 0.059322033898305086
0 0.76484375 0.1771186440677966 0.0109375 0.04576271186440678
0 0.79609375 0.15847457627118644 0.0109375 0.03559322033898305
0 0.8807291666666667 0.15762711864406778 0.010416666666666666 0.03389830508474576
0 0.9239583333333333 0.15847457627118644 0.010416666666666666 0.03220338983050847
