0 0.2557291666666667 0.6516949152542373 0.0625 0.21864406779661016
0 0.47421874999999997 0.288135593220339 0.025520833333333333 0.09491525423728814
0 0.5736979166666667 0.18898305084745762 0.01614583333333333 0.05593220338983051
0 0.6153645833333333 0.14915254237288136 0.011979166666666666 0.04406779661016949
0 0.6877604166666667 0.13389830508474576 0.008854166666666666 0.03389830508474576
0 0.7807291666666667 0.13050847457627118 0.008333333333333333 0.03389830508474576
0 0.9885416666666667 0.15762711864406778 0.008333333333333333 0.030508474576271184
1 0.9106770833333333 0.16101694915254236 0.009895833333333333 0.030508474576271184
1 0.86875 0.16186440677966102 0.010416666666666666 0.03559322033898305
1 0.7856770833333333 0.1652542372881356 0.011979166666666666 0.03898305084745762
1 0.75546875 0.1847457627118644 0.011979166666666666 0.04406779661016949
1 0.7622395833333333 0.23559322033898306 0.0171875 0.06101694915254237
1 0.8091145833333333 0.38220338983050844 0.030729166666666665 0.10677966101694915
