1 0.4518229166666667 0.31440677966101693 0.028645833333333332 0.09999999999999999
1 0.5588541666666667 0.19491525423728814 0.016666666666666666 0.06101694915254237
1 0.6020833333333333 0.1542372881355932 0.0125 0.04406779661016949
1 0.6752604166666667 0.13559322033898305 0.0109375 0.03728813559322034
1 0.7682291666666666 0.13050847457627118 0.009375 0.03389830508474576
1 0.9731770833333333 0.1542372881355932 0.0067708333333333336 0.02711864406779661
0 0.8197916666666667 0.4161016949152542 0.03229166666666666 0.12033898305084745
0 0.7575520833333333 0.24491525423728813 0.018229166666666668 0.06271186440677966
0 0.7471354166666666 0.18898305084745762 0.011979166666666666 0.04576271186440678
0 0.7755208333333333 0.16440677966101694 0.011458333333333333 0.03728813559322034
0 0.8583333333333333 0.16271186440677965 0.009375 0.03389830508474576
0 0.8989583333333333 0.16016949152542373 0.009375 0.0288135593220339
