1 0.42161458333333335 0.3432203389830508 0.03177083333333333 0.1135593220338983
1 0.5385416666666667 0.20254237288135593 0.017708333333333333 0.059322033898305086
1 0.58203125 0.15508474576271186 0.013020833333333334 0.04576271186440678
1 0.65625 0.13644067796610168 0.010416666666666666 0.03559322033898305
1 0.7486979166666666 0.12966101694915255 0.0078125 0.03220338983050847
1 0.9484374999999999 0.1542372881355932 0.007291666666666667 0.02711864406779661
0 0.87890625 0.15847457627118644 0.008854166666666666 0.03220338983050847
0 0.8393229166666667 0.16101694915254236 0.0109375 0.03728813559322034
0 0.7583333333333333 0.1652542372881356 0.011458333333333333 0.03898305084745762
0 0.73125 0.19152542372881357 0.0125 0.04745762711864407
0 0.7458333333333333 0.25254237288135595 0.01875 0.06779661016949153
0 0.8247395833333333 0.4516949152542373 0.033854166666666664 0.1271186440677966
