0 0.3833333333333333 0.3847457627118644 0.036458333333333336 0.1288135593220339
0 0.5153645833333333 0.2135593220338983 0.019270833333333334 0.06779661016949153
0 0.5614583333333333 0.15932203389830507 0.0125 0.04745762711864407
0 0.6372395833333333 0.13728813559322034 0.009895833333333333 0.03389830508474576
0 0.7291666666666666 0.1271186440677966 0.007291666666666667 0.030508474576271184
0 0.9255208333333333 0.15169491525423728 0.008333333333333333 0.0288135593220339
1 0.8369791666666666 0.5059322033898305 0.0375 0.15084745762711865
1 0.73515625 0.2652542372881356 0.019270833333333334 0.06949152542372881
1 0.7158854166666666 0.1966101694915254 0.013020833333333334 0.04745762711864407
1 0.7411458333333333 0.1669491525423729 0.011458333333333333 0.03898305084745762
1 0.8216145833333334 0.16101694915254236 0.008854166666666666 0.03389830508474576
1 0.8598958333333333 0.15762711864406778 0.008333333333333333 0.030508474576271184
