1 0.3385416666666667 0.4389830508474576 0.041666666666666664 0.15254237288135591
1 0.49296875 0.2177966101694915 0.0203125 0.07288135593220339
1 0.540625 0.1559322033898305 0.014583333333333334 0.05084745762711864
1 0.6182291666666666 0.12966101694915255 0.010416666666666666 0.03898305084745762
1 0.7119791666666666 0.12203389830508474 0.008333333333333333 0.03389830508474576
1 0.9049479166666666 0.14661016949152542 0.0078125 0.02542372881355932
0 0.8583333333333333 0.5677966101694915 0.041666666666666664 0.17288135593220338
0 0.7260416666666667 0.27203389830508473 0.019791666666666666 0.07288135593220339
0 0.7020833333333333 0.19576271186440677 0.013541666666666667 0.05254237288135593
0 0.72578125 0.16186440677966102 0.011979166666666666 0.0423728813559322
0 0.8052083333333333 0.15508474576271186 0.009375 0.03559322033898305
0 0.8416666666666667 0.15169491525423728 0.008333333333333333 0.0288135593220339
