0 0.2833333333333333 0.5194915254237288 0.052083333333333336 0.18135593220338983
0 0.4700520833333333 0.23135593220338982 0.021354166666666667 0.07627118644067796
0 0.52109375 0.15932203389830507 0.015104166666666667 0.05423728813559322
0 0.6010416666666667 0.13220338983050847 0.011458333333333333 0.03728813559322034
0 0.6950520833333333 0.12118644067796609 0.008854166666666666 0.03559322033898305
0 0.8877604166666666 0.14152542372881355 0.0078125 0.0288135593220339
1 0.89296875 0.6525423728813559 0.04739583333333333 0.1864406779661017
1 0.7197916666666666 0.2872881355932203 0.020833333333333332 0.07966101694915254
1 0.6901041666666666 0.20084745762711864 0.013541666666666667 0.05254237288135593
1 0.7122395833333334 0.16271186440677965 0.011979166666666666 0.04406779661016949
1 0.7911458333333333 0.1559322033898305 0.010416666666666666 0.03728813559322034
1 0.8270833333333333 0.15084745762711865 0.009375 0.030508474576271184
