0 0.19921875 0.6491525423728813 0.06614583333333333 0.23389830508474577
0 0.44166666666666665 0.2483050847457627 0.02395833333333333 0.08305084745762711
0 0.4984375 0.1669491525423729 0.014583333333333334 0.05593220338983051
0 0.5828125 0.13389830508474576 0.0125 0.04406779661016949
0 0.8682291666666666 0.13983050847457626 0.007291666666666667 0.0288135593220339
1 0.9533854166666667 0.8059322033898305 0.0640625 0.24915254237288134
1 0.71484375 0.30677966101694915 0.0234375 0.08813559322033898
1 0.67578125 0.20677966101694914 0.015104166666666667 0.05423728813559322
0 0.6776041666666667 0.12118644067796609 0.009375 0.03559322033898305
1 0.69765625 0.1669491525423729 0.011979166666666666 0.0423728813559322
1 0.7752604166666667 0.1559322033898305 0.009895833333333333 0.03389830508474576
1 0.8111979166666666 0.15 0.008854166666666666 0.03220338983050847
0 0.9799479166666667 0.1652542372881356 0.0078125 0.0288135593220339
