1 0.41015625 0.26440677966101694 0.0265625 0.09491525423728814
1 0.475 0.16864406779661018 0.017708333333333333 0.059322033898305086
1 0.5638020833333334 0.13050847457627118 0.011979166666666666 0.04406779661016949
1 0.6614583333333334 0.11610169491525424 0.010416666666666666 0.03898305084745762
1 0.8513020833333333 0.13559322033898305 0.0078125 0.030508474576271184
0 0.7122395833333334 0.3288135593220339 0.0265625 0.09491525423728814
0 0.6653645833333334 0.21271186440677967 0.015104166666666667 0.06271186440677966
0 0.6833333333333333 0.16610169491525423 0.0125 0.04406779661016949
0 0.7622395833333333 0.15338983050847457 0.009895833333333333 0.03559322033898305
0 0.79609375 0.14661016949152542 0.009895833333333333 0.03559322033898305
