0 0.37213541666666666 0.3084745762711864 0.028645833333333332 0.10847457627118644
0 0.44947916666666665 0.18728813559322033 0.017708333333333333 0.06610169491525424
0 0.5434895833333333 0.13983050847457626 0.013020833333333334 0.04576271186440678
0 0.6450520833333333 0.12118644067796609 0.0109375 0.03559322033898305
1 0.7153645833333333 0.373728813559322 0.030729166666666665 0.1135593220338983
1 0.6552083333333333 0.2288135593220339 0.017708333333333333 0.06779661016949153
1 0.6713541666666667 0.17457627118644067 0.0125 0.04745762711864407
1 0.7494791666666667 0.15847457627118644 0.010416666666666666 0.03559322033898305
1 0.7828125 0.15254237288135591 0.009375 0.03389830508474576
0 0.8351562499999999 0.13559322033898305 0.009895833333333333 0.02711864406779661
0 0.9434895833333333 0.15847457627118644 0.0078125 0.03220338983050847
1 0.9721354166666667 0.17966101694915254 0.0078125 0.03389830508474576
