0 0.325 0.35762711864406777 0.035416666666666666 0.12542372881355932
0 0.4205729166666667 0.20169491525423727 0.019270833333333334 0.06779661016949153
0 0.5247395833333334 0.14745762711864407 0.0140625 0.05084745762711864
0 0.6278645833333333 0.12372881355932203 0.009895833333333333 0.03728813559322034
1 0.72265625 0.43050847457627117 0.0359375 0.1288135593220339
1 0.64453125 0.25 0.018229166666666668 0.06949152542372881
1 0.6588541666666666 0.18389830508474575 0.014583333333333334 0.05593220338983051
1 0.7385416666666667 0.16271186440677965 0.010416666666666666 0.04406779661016949
0 0.8208333333333333 0.13813559322033897 0.009375 0.0288135593220339
0 0.928125 0.16186440677966102 0.011458333333333333 0.03220338983050847
1 0.7708333333333334 0.15338983050847457 0.010416666666666666 0.03559322033898305
1 0.9601562499999999 0.18559322033898304 0.0109375 0.0423728813559322
