0 0.27369791666666665 0.42457627118644065 0.04114583333333333 0.14745762711864407
0 0.3963541666666667 0.22203389830508474 0.022916666666666665 0.07796610169491525
0 0.5098958333333333 0.1542372881355932 0.013541666666666667 0.05084745762711864
0 0.6184895833333334 0.12796610169491526 0.0109375 0.03898305084745762
1 0.7419270833333333 0.5016949152542373 0.0421875 0.15254237288135591
1 0.64140625 0.2669491525423729 0.0203125 0.07627118644067796
1 0.653125 0.19322033898305085 0.015625 0.05423728813559322
1 0.7333333333333333 0.16864406779661018 0.010416666666666666 0.03898305084745762
1 0.7651041666666667 0.15762711864406778 0.011458333333333333 0.03389830508474576
0 0.8138020833333334 0.13728813559322034 0.0109375 0.03728813559322034
0 0.9210937499999999 0.16016949152542373 0.009895833333333333 0.03559322033898305
1 0.9557291666666666 0.18728813559322033 0.011458333333333333 0.03898305084745762
