0 0.20963541666666666 0.5313559322033898 0.05260416666666667 0.19152542372881357
0 0.37734375 0.24491525423728813 0.024479166666666666 0.08644067796610169
0 0.5057291666666667 0.15847457627118644 0.016666666666666666 0.05254237288135593
0 0.6203125 0.1271186440677966 0.010416666666666666 0.04067796610169491
1 0.79296875 0.6169491525423728 0.05364583333333333 0.18983050847457628
1 0.65234375 0.29152542372881357 0.022395833333333334 0.08813559322033898
1 0.6604166666666667 0.20084745762711864 0.016666666666666666 0.059322033898305086
1 0.7427083333333333 0.17033898305084746 0.011458333333333333 0.0423728813559322
1 0.77421875 0.15932203389830507 0.009895833333333333 0.04067796610169491
0 0.8205729166666667 0.13898305084745763 0.0109375 0.03389830508474576
0 0.93203125 0.15847457627118644 0.0109375 0.03898305084745762
1 0.9723958333333333 0.18305084745762712 0.0125 0.04067796610169491
