0 0.1171875 0.6915254237288135 0.07083333333333333 0.23728813559322035
0 0.3598958333333333 0.2711864406779661 0.027083333333333334 0.10169491525423728
0 0.5057291666666667 0.1694915254237288 0.016666666666666666 0.06101694915254237
0 0.6260416666666666 0.12966101694915255 0.013541666666666667 0.04576271186440678
1 0.8796875 0.8059322033898305 0.07604166666666666 0.2627118644067796
1 0.6708333333333333 0.32457627118644067 0.025 0.09999999999999999
1 0.6723958333333333 0.211864406779661 0.01875 0.06440677966101695
1 0.75625 0.1754237288135593 0.0125 0.04915254237288135
0 0.8328125 0.13389830508474576 0.009375 0.03389830508474576
0 0.9489583333333333 0.15508474576271186 0.009375 0.03898305084745762
1 0.7875 0.15677966101694915 0.011458333333333333 0.0423728813559322
1 0.9947916666666666 0.18050847457627117 0.010416666666666666 0.04576271186440678
