0 0.4278645833333333 0.2076271186440678 0.011979166666666666 0.07627118644067796
0 0.5356770833333333 0.15169491525423728 0.0109375 0.0423728813559322
0 0.59921875 0.1313559322033898 0.008854166666666666 0.04915254237288135
0 0.6729166666666666 0.1288135593220339 0.008333333333333333 0.04067796610169491
0 0.7890625 0.1483050847457627 0.010416666666666666 0.03559322033898305
0 0.8927083333333333 0.1711864406779661 0.00625 0.05423728813559322
1 0.6505208333333333 0.311864406779661 0.010416666666666666 0.0983050847457627
1 0.69921875 0.2271186440677966 0.011979166666666666 0.06440677966101695
1 0.7822916666666666 0.19999999999999998 0.011458333333333333 0.0576271186440678
1 0.921875 0.2305084745762712 0.014583333333333334 0.05084745762711864
1 0.8809895833333333 0.8457627118644068 0.04739583333333333 0.26440677966101694
1 0.62421875 0.04915254237288135 0.0046875 0.023728813559322035
2 0.6177083333333333 0.03983050847457627 0.00625 0.0288135593220339
