1 0.4283854166666667 0.2059322033898305 0.0140625 0.07627118644067796
1 0.5364583333333334 0.15338983050847457 0.011458333333333333 0.04915254237288135
1 0.5986979166666666 0.13728813559322034 0.008854166666666666 0.04067796610169491
1 0.6716145833333333 0.13389830508474576 0.0067708333333333336 0.04067796610169491
1 0.7890625 0.1483050847457627 0.013541666666666667 0.03898305084745762
1 0.8908854166666667 0.1711864406779661 0.0109375 0.0576271186440678
0 0.6505208333333333 0.30677966101694915 0.011458333333333333 0.09152542372881356
0 0.6971354166666667 0.22203389830508474 0.013020833333333334 0.0711864406779661
0 0.7807291666666667 0.20338983050847456 0.014583333333333334 0.06440677966101695
0 0.9210937499999999 0.2288135593220339 0.008854166666666666 0.0576271186440678
0 0.8794270833333333 0.8440677966101695 0.04739583333333333 0.26440677966101694
