0 0.42552083333333335 0.21610169491525424 0.016666666666666666 0.07966101694915254
0 0.5346354166666667 0.15338983050847457 0.013020833333333334 0.03898305084745762
0 0.5997395833333333 0.1330508474576271 0.009895833333333333 0.03559322033898305
0 0.67421875 0.12627118644067797 0.008854166666666666 0.0423728813559322
0 0.7872395833333333 0.1483050847457627 0.0067708333333333336 0.03559322033898305
0 0.8919270833333334 0.1754237288135593 0.0078125 0.03898305084745762
1 0.8838541666666666 0.8347457627118644 0.03958333333333333 0.23559322033898306
1 0.6515625 0.31271186440677967 0.0125 0.08305084745762711
1 0.6986979166666667 0.22203389830508474 0.0109375 0.06101694915254237
1 0.78203125 0.2093220338983051 0.008854166666666666 0.04915254237288135
1 0.9205729166666666 0.23389830508474577 0.008854166666666666 0.0576271186440678
1 0.6239583333333333 0.048305084745762714 0.005208333333333333 0.022033898305084745
2 0.6177083333333333 0.03813559322033898 0.005208333333333333 0.02542372881355932
