0 0.42734374999999997 0.2059322033898305 0.013020833333333334 0.07966101694915254
0 0.5346354166666667 0.15508474576271186 0.0109375 0.04915254237288135
0 0.5997395833333333 0.13559322033898305 0.009895833333333333 0.04745762711864407
0 0.6747395833333333 0.13389830508474576 0.0078125 0.05084745762711864
0 0.7877604166666666 0.1483050847457627 0.0078125 0.03559322033898305
0 0.8919270833333334 0.17627118644067796 0.0078125 0.05084745762711864
1 0.8815104166666666 0.8457627118644068 0.04635416666666667 0.2576271186440678
1 0.6505208333333333 0.31271186440677967 0.016666666666666666 0.08983050847457627
1 0.6981770833333333 0.21864406779661016 0.009895833333333333 0.06101694915254237
1 0.7841145833333333 0.20169491525423727 0.008854166666666666 0.0576271186440678
1 0.9216145833333333 0.2288135593220339 0.008854166666666666 0.05423728813559322
1 0.6239583333333333 0.048305084745762714 0.00625 0.02542372881355932
2 0.6171875 0.03813559322033898 0.00625 0.02542372881355932
