1 0.4244791666666667 0.2093220338983051 0.013541666666666667 0.07627118644067796
1 0.53203125 0.15169491525423728 0.008854166666666666 0.04576271186440678
1 0.5955729166666667 0.13389830508474576 0.0078125 0.04067796610169491
1 0.6700520833333333 0.13389830508474576 0.0078125 0.04067796610169491
1 0.7861979166666666 0.1483050847457627 0.0078125 0.03220338983050847
1 0.8893229166666666 0.1711864406779661 0.005729166666666666 0.05084745762711864
0 0.9171874999999999 0.22203389830508474 0.008333333333333333 0.05084745762711864
0 0.78203125 0.20423728813559322 0.0078125 0.05593220338983051
0 0.69609375 0.22118644067796608 0.011979166666666666 0.059322033898305086
0 0.6473958333333333 0.31101694915254235 0.014583333333333334 0.08983050847457627
0 0.8807291666666667 0.8466101694915253 0.041666666666666664 0.25254237288135595
