0 0.40078125 0.23983050847457626 0.013020833333333334 0.07627118644067796
0 0.5234375 0.1635593220338983 0.011458333333333333 0.05254237288135593
0 0.590625 0.1423728813559322 0.005208333333333333 0.04067796610169491
0 0.6690104166666666 0.13813559322033897 0.005729166666666666 0.03559322033898305
0 0.7893229166666667 0.15762711864406778 0.008854166666666666 0.03728813559322034
0 0.8955729166666666 0.1864406779661017 0.0078125 0.05423728813559322
1 0.6549479166666666 0.3601694915254237 0.019270833333333334 0.09999999999999999
1 0.7026041666666667 0.2483050847457627 0.014583333333333334 0.06610169491525424
1 0.7901041666666666 0.22033898305084745 0.0125 0.05084745762711864
1 0.9322916666666666 0.24406779661016947 0.014583333333333334 0.0576271186440678
1 0.6151041666666667 0.05084745762711864 0.00625 0.023728813559322035
2 0.6075520833333333 0.0423728813559322 0.0067708333333333336 0.02711864406779661
