0 0.42994791666666665 0.26016949152542374 0.019270833333333334 0.08305084745762711
0 0.5625 0.1771186440677966 0.010416666666666666 0.059322033898305086
0 0.6333333333333333 0.15677966101694915 0.008333333333333333 0.04915254237288135
0 0.7151041666666667 0.15084745762711865 0.008333333333333333 0.04067796610169491
0 0.8458333333333333 0.1771186440677966 0.009375 0.03898305084745762
0 0.96875 0.20338983050847456 0.010416666666666666 0.0576271186440678
1 0.85390625 0.2483050847457627 0.009895833333333333 0.059322033898305086
1 0.7609375 0.2796610169491525 0.015625 0.08135593220338982
1 0.7161458333333334 0.4177966101694915 0.022916666666666665 0.12033898305084745
1 0.65625 0.0576271186440678 0.00625 0.02711864406779661
2 0.6489583333333333 0.048305084745762714 0.00625 0.02542372881355932
