0 0.43124999999999997 0.29491525423728815 0.017708333333333333 0.0983050847457627
0 0.578125 0.19999999999999998 0.0125 0.0576271186440678
0 0.65390625 0.1694915254237288 0.0078125 0.04406779661016949
0 0.7411458333333333 0.1669491525423729 0.007291666666666667 0.0423728813559322
0 0.8791666666666667 0.1923728813559322 0.009375 0.04576271186440678
1 0.9020833333333333 0.2745762711864407 0.014583333333333334 0.06779661016949153
1 0.8041666666666667 0.31610169491525425 0.020833333333333332 0.08983050847457627
1 0.7731770833333333 0.5101694915254237 0.028645833333333332 0.13898305084745763
1 0.6731770833333334 0.06186440677966101 0.005729166666666666 0.02542372881355932
2 0.6661458333333333 0.05084745762711864 0.007291666666666667 0.02711864406779661
