0 0.38828125 0.34067796610169493 0.0234375 0.1152542372881356
0 0.5559895833333334 0.21101694915254238 0.011979166666666666 0.06610169491525424
0 0.6356770833333333 0.1754237288135593 0.008854166666666666 0.04915254237288135
0 0.7234375 0.16610169491525423 0.008333333333333333 0.04406779661016949
0 0.8674479166666667 0.18983050847457628 0.008854166666666666 0.04745762711864407
1 0.90390625 0.2864406779661017 0.0140625 0.07796610169491525
1 0.8078124999999999 0.3389830508474576 0.017708333333333333 0.0983050847457627
1 0.7984375 0.6161016949152542 0.040625 0.17457627118644067
1 0.65234375 0.059322033898305086 0.0067708333333333336 0.030508474576271184
2 0.6440104166666667 0.04745762711864407 0.008854166666666666 0.02711864406779661
