0 0.33671875 0.4186440677966102 0.028645833333333332 0.13220338983050847
0 0.53828125 0.2364406779661017 0.015104166666666667 0.07288135593220339
0 0.6244791666666667 0.18898305084745762 0.013541666666666667 0.06271186440677966
0 0.7182291666666667 0.1771186440677966 0.011458333333333333 0.059322033898305086
0 0.8682291666666666 0.20169491525423727 0.011458333333333333 0.05084745762711864
1 0.9221354166666667 0.31440677966101693 0.019270833333333334 0.08644067796610169
1 0.8307291666666666 0.39576271186440676 0.021875 0.11016949152542373
1 0.8703124999999999 0.8381355932203389 0.07604166666666666 0.24576271186440676
1 0.63671875 0.06101694915254237 0.0078125 0.030508474576271184
2 0.6278645833333333 0.051694915254237285 0.0078125 0.0288135593220339
