0 0.30963541666666666 0.2872881355932203 0.0234375 0.09999999999999999
0 0.5059895833333333 0.17457627118644067 0.011979166666666666 0.0576271186440678
0 0.6119791666666666 0.15338983050847457 0.008333333333333333 0.04576271186440678
0 0.7296875 0.16101694915254236 0.008333333333333333 0.04067796610169491
0 0.8838541666666666 0.1906779661016949 0.00625 0.03220338983050847
1 0.66171875 0.4135593220338983 0.030729166666666665 0.12542372881355932
1 0.7591145833333334 0.2305084745762712 0.0171875 0.05423728813559322
1 0.8515625 0.2194915254237288 0.013541666666666667 0.0423728813559322
0 0.019270833333333334 0.8974576271186441 0.035416666666666666 0.20508474576271185
1 0.89296875 0.8898305084745762 0.07135416666666666 0.22033898305084745
1 0.9604166666666667 0.2305084745762712 0.014583333333333334 0.05423728813559322
