0 0.309375 0.28559322033898304 0.029166666666666667 0.10338983050847457
0 0.5057291666666667 0.16779661016949152 0.013541666666666667 0.06101694915254237
0 0.6125 0.15254237288135591 0.010416666666666666 0.04406779661016949
0 0.7299479166666667 0.16186440677966102 0.0078125 0.03898305084745762
0 0.8848958333333333 0.19322033898305085 0.0125 0.04406779661016949
1 0.6627604166666666 0.411864406779661 0.0296875 0.13220338983050847
1 0.7598958333333333 0.22796610169491524 0.015625 0.059322033898305086
1 0.8518229166666667 0.21694915254237288 0.013020833333333334 0.05084745762711864
1 0.96171875 0.22966101694915253 0.011979166666666666 0.0423728813559322
1 0.8966145833333333 0.8966101694915254 0.07552083333333333 0.20677966101694914
