1 0.284375 0.5644067796610169 0.051041666666666666 0.17288135593220338
1 0.6276041666666666 0.2830508474576271 0.020833333333333332 0.08135593220338982
1 0.72265625 0.21610169491525424 0.013020833333333334 0.06271186440677966
1 0.8005208333333333 0.19915254237288135 0.0125 0.04576271186440678
1 0.8427083333333333 0.18389830508474575 0.014583333333333334 0.04576271186440678
1 0.88828125 0.18220338983050846 0.0078125 0.03220338983050847
0 0.96171875 0.4347457627118644 0.0203125 0.10338983050847457
0 0.9580729166666666 0.3093220338983051 0.015104166666666667 0.05593220338983051
0 0.9333333333333333 0.24322033898305084 0.0125 0.04576271186440678
0 0.9700520833333334 0.22627118644067795 0.013020833333333334 0.03898305084745762
