1 0.1515625 0.7067796610169491 0.058333333333333334 0.2305084745762712
1 0.5747395833333333 0.2983050847457627 0.022395833333333334 0.0847457627118644
1 0.6661458333333333 0.21440677966101696 0.016666666666666666 0.059322033898305086
1 0.7419270833333333 0.18220338983050846 0.0140625 0.04576271186440678
1 0.7833333333333333 0.17203389830508475 0.011458333333333333 0.03559322033898305
1 0.8231770833333333 0.16440677966101694 0.0109375 0.03389830508474576
0 0.9197916666666667 0.42966101694915254 0.03229166666666666 0.10338983050847457
0 0.8986979166666667 0.29745762711864404 0.0109375 0.05254237288135593
0 0.8713541666666667 0.2330508474576271 0.008333333333333333 0.0423728813559322
0 0.8984375 0.21016949152542372 0.005208333333333333 0.023728813559322035
0 0.9260416666666667 0.20338983050847456 0.00625 0.02711864406779661
0 0.98125 0.20084745762711864 0.007291666666666667 0.0288135593220339
