1 0.5354166666666667 0.30254237288135594 0.019791666666666666 0.08305084745762711
1 0.63203125 0.21016949152542372 0.0171875 0.05084745762711864
1 0.7041666666666666 0.17627118644067796 0.014583333333333334 0.04745762711864407
1 0.74140625 0.16016949152542373 0.0109375 0.0288135593220339
1 0.7791666666666667 0.15084745762711865 0.008333333333333333 0.030508474576271184
0 0.8984375 0.4389830508474576 0.022916666666666665 0.10847457627118644
0 0.8640625 0.3 0.016666666666666666 0.0576271186440678
0 0.8330729166666666 0.21694915254237288 0.0067708333333333336 0.030508474576271184
0 0.8557291666666667 0.1923728813559322 0.007291666666666667 0.0288135593220339
0 0.8791666666666667 0.19152542372881357 0.00625 0.02711864406779661
0 0.9291666666666667 0.18559322033898304 0.005208333333333333 0.022033898305084745
1 0.9440104166666666 0.1652542372881356 0.005729166666666666 0.022033898305084745
