1 0.4966145833333333 0.3228813559322034 0.024479166666666666 0.09322033898305085
1 0.5973958333333333 0.19915254237288135 0.015625 0.04915254237288135
1 0.671875 0.16610169491525423 0.009375 0.03728813559322034
1 0.7075520833333333 0.1483050847457627 0.008854166666666666 0.02542372881355932
1 0.74375 0.14491525423728813 0.008333333333333333 0.0288135593220339
1 0.8388020833333333 0.14661016949152542 0.0078125 0.022033898305084745
1 0.8994791666666666 0.15254237288135591 0.004166666666666667 0.020338983050847456
1 0.9713541666666666 0.1652542372881356 0.003125 0.022033898305084745
0 0.8927083333333333 0.4576271186440678 0.034375 0.11186440677966102
0 0.8372395833333334 0.28983050847457625 0.0109375 0.05423728813559322
0 0.79921875 0.21101694915254238 0.008854166666666666 0.03559322033898305
0 0.82109375 0.18728813559322033 0.005729166666666666 0.03898305084745762
0 0.88828125 0.17203389830508475 0.005729166666666666 0.0288135593220339
