0 0.4536458333333333 0.3601694915254237 0.03229166666666666 0.12372881355932203
0 0.5658854166666667 0.20423728813559322 0.018229166666666668 0.06610169491525424
0 0.63984375 0.1635593220338983 0.013020833333333334 0.04576271186440678
0 0.67421875 0.13983050847457626 0.009895833333333333 0.03898305084745762
0 0.7109375 0.13389830508474576 0.008333333333333333 0.030508474576271184
0 0.8018229166666666 0.13898305084745763 0.0067708333333333336 0.030508474576271184
0 0.8609375 0.14661016949152542 0.00625 0.02542372881355932
0 0.9263020833333333 0.15508474576271186 0.0046875 0.01864406779661017
1 0.8825520833333333 0.4983050847457627 0.04114583333333333 0.13898305084745763
1 0.8125 0.2889830508474576 0.020833333333333332 0.07288135593220339
1 0.7690104166666667 0.20508474576271185 0.013020833333333334 0.05084745762711864
1 0.78828125 0.17796610169491525 0.008854166666666666 0.03728813559322034
1 0.8067708333333333 0.16610169491525423 0.009375 0.03389830508474576
1 0.85234375 0.1635593220338983 0.0078125 0.0288135593220339
1 0.9169270833333333 0.17372881355932202 0.0036458333333333334 0.02542372881355932
