0 0.40208333333333335 0.4067796610169491 0.036458333333333336 0.1423728813559322
0 0.5294270833333333 0.21101694915254238 0.019270833333333334 0.06949152542372881
0 0.6057291666666667 0.16271186440677965 0.0125 0.04745762711864407
0 0.6395833333333333 0.13644067796610168 0.009375 0.03898305084745762
0 0.6755208333333333 0.1288135593220339 0.008333333333333333 0.03389830508474576
0 0.76328125 0.13389830508474576 0.0067708333333333336 0.030508474576271184
0 0.8203125 0.13898305084745763 0.007291666666666667 0.02711864406779661
0 0.8838541666666666 0.15 0.00625 0.02542372881355932
1 0.88125 0.5440677966101695 0.04479166666666667 0.16271186440677965
1 0.78671875 0.29406779661016946 0.0203125 0.07627118644067796
1 0.7372395833333333 0.20338983050847456 0.011979166666666666 0.05084745762711864
1 0.7541666666666667 0.17372881355932202 0.009375 0.03898305084745762
1 0.7708333333333334 0.16101694915254236 0.008333333333333333 0.03389830508474576
1 0.8130208333333333 0.15508474576271186 0.008333333333333333 0.03220338983050847
1 0.8744791666666667 0.1635593220338983 0.008333333333333333 0.0288135593220339
0 0.9473958333333333 0.15932203389830507 0.00625 0.023728813559322035
1 0.9497395833333333 0.17796610169491525 0.0067708333333333336 0.02711864406779661
