0 0.3419270833333333 0.47966101694915253 0.043229166666666666 0.1694915254237288
0 0.49296875 0.22372881355932203 0.0203125 0.0711864406779661
0 0.5731770833333333 0.1652542372881356 0.013020833333333334 0.04915254237288135
0 0.60703125 0.13559322033898305 0.009895833333333333 0.04067796610169491
0 0.6434895833333333 0.12627118644067797 0.008854166666666666 0.03220338983050847
0 0.73046875 0.1271186440677966 0.0067708333333333336 0.02711864406779661
0 0.7856770833333333 0.13220338983050847 0.005729166666666666 0.02711864406779661
0 0.8458333333333333 0.14067796610169492 0.00625 0.02711864406779661
1 0.8947916666666667 0.6127118644067796 0.051041666666666666 0.188135593220339
1 0.7669270833333334 0.3042372881355932 0.021354166666666667 0.08305084745762711
1 0.7096354166666666 0.20423728813559322 0.013020833333333334 0.05593220338983051
1 0.72421875 0.16864406779661018 0.0078125 0.03898305084745762
1 0.7388020833333333 0.15508474576271186 0.0078125 0.03559322033898305
1 0.7796875 0.15 0.007291666666666667 0.0288135593220339
1 0.8390624999999999 0.1559322033898305 0.007291666666666667 0.02711864406779661
1 0.9111979166666666 0.1694915254237288 0.0078125 0.02711864406779661
0 0.9072916666666666 0.15169491525423728 0.00625 0.0288135593220339
