0 0.2703125 0.5898305084745763 0.053125 0.21016949152542372
0 0.46171875 0.2364406779661017 0.021354166666666667 0.07966101694915254
0 0.5473958333333333 0.1652542372881356 0.0125 0.04915254237288135
0 0.5817708333333333 0.13220338983050847 0.010416666666666666 0.04067796610169491
0 0.61796875 0.12118644067796609 0.0078125 0.03220338983050847
0 0.7049479166666667 0.1194915254237288 0.0067708333333333336 0.0288135593220339
1 0.934375 0.7186440677966102 0.059375 0.22372881355932203
1 0.7567708333333333 0.31440677966101693 0.02395833333333333 0.08644067796610169
1 0.68984375 0.20338983050847456 0.0140625 0.05423728813559322
1 0.7013020833333333 0.16440677966101694 0.008854166666666666 0.04067796610169491
1 0.715625 0.14915254237288136 0.008333333333333333 0.03389830508474576
1 0.7557291666666667 0.13983050847457626 0.007291666666666667 0.03220338983050847
0 0.7598958333333333 0.12203389830508474 0.005208333333333333 0.02711864406779661
1 0.8135416666666666 0.14576271186440679 0.007291666666666667 0.030508474576271184
1 0.88359375 0.15762711864406778 0.0078125 0.02711864406779661
0 0.8195312499999999 0.1288135593220339 0.0067708333333333336 0.02711864406779661
0 0.8791666666666667 0.13983050847457626 0.007291666666666667 0.02542372881355932
0 0.9638020833333333 0.15847457627118644 0.0078125 0.0288135593220339
1 0.975 0.17966101694915254 0.009375 0.030508474576271184
