0 0.20104166666666667 0.752542372881356 0.06770833333333333 0.27796610169491526
0 0.45468749999999997 0.2542372881355932 0.02395833333333333 0.08813559322033898
0 0.546875 0.17203389830508475 0.015625 0.05254237288135593
0 0.5828125 0.1347457627118644 0.011458333333333333 0.0423728813559322
0 0.6197916666666666 0.12203389830508474 0.008333333333333333 0.03389830508474576
1 0.7794270833333333 0.3440677966101695 0.0234375 0.0983050847457627
1 0.6981770833333333 0.211864406779661 0.015104166666666667 0.0576271186440678
1 0.7080729166666666 0.1694915254237288 0.009895833333333333 0.04067796610169491
1 0.7213541666666666 0.15084745762711865 0.008333333333333333 0.03389830508474576
0 0.7080729166666666 0.11864406779661017 0.0067708333333333336 0.02711864406779661
1 0.7606770833333333 0.14322033898305084 0.0078125 0.0288135593220339
0 0.7643229166666666 0.12203389830508474 0.005729166666666666 0.02711864406779661
1 0.8203125 0.14661016949152542 0.007291666666666667 0.0288135593220339
0 0.8247395833333333 0.1288135593220339 0.005729166666666666 0.02711864406779661
1 0.8919270833333334 0.15677966101694915 0.0078125 0.0288135593220339
0 0.88515625 0.13898305084745763 0.0067708333333333336 0.02711864406779661
0 0.9734375 0.15932203389830507 0.007291666666666667 0.02711864406779661
1 0.9874999999999999 0.18220338983050846 0.008333333333333333 0.0288135593220339
