0 0.4265625 0.2771186440677966 0.026041666666666668 0.09661016949152543
1 0.7830729166666667 0.3677966101694915 0.025520833333333333 0.10847457627118644
0 0.5286458333333334 0.1754237288135593 0.014583333333333334 0.05593220338983051
0 0.5653645833333333 0.1347457627118644 0.011979166666666666 0.04576271186440678
0 0.6026041666666666 0.11864406779661017 0.008333333333333333 0.03728813559322034
1 0.6880208333333333 0.21864406779661016 0.016666666666666666 0.06101694915254237
1 0.6947916666666667 0.16864406779661018 0.011458333333333333 0.0423728813559322
0 0.6919270833333333 0.11610169491525424 0.0067708333333333336 0.0288135593220339
1 0.7065104166666667 0.1483050847457627 0.008854166666666666 0.03559322033898305
1 0.7458333333333333 0.14152542372881355 0.008333333333333333 0.0288135593220339
0 0.74765625 0.11864406779661017 0.0067708333333333336 0.023728813559322035
1 0.8044270833333333 0.1423728813559322 0.0067708333333333336 0.02711864406779661
0 0.8083333333333333 0.12372881355932203 0.00625 0.02711864406779661
1 0.8763020833333334 0.15338983050847457 0.0078125 0.0288135593220339
0 0.8677083333333333 0.13389830508474576 0.00625 0.023728813559322035
1 0.97109375 0.1771186440677966 0.009895833333333333 0.03220338983050847
0 0.9552083333333333 0.1542372881355932 0.008333333333333333 0.02711864406779661
