0 0.3888020833333333 0.30677966101694915 0.0296875 0.10847457627118644
0 0.50234375 0.18389830508474575 0.0171875 0.059322033898305086
0 0.540625 0.13813559322033897 0.0125 0.04915254237288135
0 0.5791666666666666 0.12118644067796609 0.008333333333333333 0.03559322033898305
1 0.78359375 0.40508474576271186 0.027604166666666666 0.11864406779661017
1 0.67109375 0.22796610169491524 0.0171875 0.06610169491525424
1 0.6755208333333333 0.1711864406779661 0.010416666666666666 0.04406779661016949
0 0.6692708333333334 0.1135593220338983 0.007291666666666667 0.030508474576271184
1 0.6856770833333333 0.15084745762711865 0.009895833333333333 0.03728813559322034
1 0.72421875 0.13983050847457626 0.0078125 0.0288135593220339
1 0.7825520833333334 0.14152542372881355 0.0078125 0.02542372881355932
1 0.8526041666666666 0.15084745762711865 0.007291666666666667 0.030508474576271184
0 0.8429687499999999 0.13220338983050847 0.0067708333333333336 0.02711864406779661
0 0.7846354166666667 0.12203389830508474 0.005729166666666666 0.02711864406779661
0 0.7247395833333333 0.1152542372881356 0.0067708333333333336 0.02711864406779661
0 0.9278645833333333 0.15169491525423728 0.0067708333333333336 0.02542372881355932
1 0.9450520833333333 0.17457627118644067 0.0078125 0.030508474576271184
