0 0.34791666666666665 0.3483050847457627 0.03333333333333333 0.12033898305084745
0 0.4796875 0.19406779661016949 0.016666666666666666 0.06610169491525424
0 0.5208333333333334 0.1423728813559322 0.011458333333333333 0.04745762711864407
0 0.56015625 0.12288135593220338 0.009895833333333333 0.03559322033898305
1 0.7947916666666667 0.45084745762711864 0.03333333333333333 0.13559322033898305
1 0.6598958333333333 0.23813559322033898 0.017708333333333333 0.06949152542372881
1 0.6606770833333333 0.17457627118644067 0.011979166666666666 0.04745762711864407
1 0.6705729166666666 0.15 0.009895833333333333 0.03898305084745762
0 0.6515625 0.11440677966101695 0.007291666666666667 0.0288135593220339
0 0.7067708333333333 0.1152542372881356 0.00625 0.02711864406779661
1 0.7083333333333334 0.14152542372881355 0.007291666666666667 0.0288135593220339
1 0.7666666666666666 0.14067796610169492 0.007291666666666667 0.02711864406779661
0 0.7666666666666666 0.1194915254237288 0.00625 0.02542372881355932
1 0.8361979166666667 0.15 0.0078125 0.0288135593220339
0 0.825 0.1288135593220339 0.00625 0.02711864406779661
1 0.928125 0.17288135593220338 0.009375 0.03389830508474576
0 0.9833333333333333 0.16864406779661018 0.008333333333333333 0.03220338983050847
0 0.9088541666666666 0.15 0.007291666666666667 0.0288135593220339
