0 0.303125 0.4025423728813559 0.03854166666666667 0.1440677966101695
0 0.46015625 0.20677966101694914 0.018229166666666668 0.06779661016949153
0 0.5044270833333333 0.14576271186440679 0.013020833333333334 0.05423728813559322
0 0.5455729166666666 0.12457627118644067 0.009895833333333333 0.03559322033898305
1 0.82109375 0.5194915254237288 0.0390625 0.1542372881355932
1 0.6544270833333333 0.25508474576271184 0.019270833333333334 0.07627118644067796
1 0.6513020833333333 0.18135593220338983 0.0109375 0.05084745762711864
0 0.6393229166666666 0.11440677966101695 0.0078125 0.0288135593220339
1 0.66015625 0.15508474576271186 0.009895833333333333 0.03898305084745762
1 0.6973958333333333 0.14152542372881355 0.008333333333333333 0.03220338983050847
1 0.75625 0.14067796610169492 0.007291666666666667 0.02711864406779661
1 0.8268229166666666 0.15169491525423728 0.0067708333333333336 0.0288135593220339
1 0.9197916666666667 0.1754237288135593 0.008333333333333333 0.03220338983050847
0 0.9723958333333333 0.1694915254237288 0.009375 0.03389830508474576
0 0.8981770833333333 0.14915254237288136 0.0078125 0.030508474576271184
0 0.6950520833333333 0.1152542372881356 0.0067708333333333336 0.02711864406779661
0 0.7549479166666666 0.1194915254237288 0.005729166666666666 0.02542372881355932
0 0.8140625 0.1288135593220339 0.00625 0.02711864406779661
