0 0.24635416666666665 0.4830508474576271 0.04895833333333333 0.17288135593220338
0 0.44088541666666664 0.22203389830508474 0.019270833333333334 0.07457627118644068
0 0.48984374999999997 0.15254237288135591 0.013020833333333334 0.05423728813559322
0 0.5333333333333333 0.1271186440677966 0.010416666666666666 0.03728813559322034
0 0.6291666666666667 0.1135593220338983 0.00625 0.030508474576271184
1 0.8635416666666667 0.614406779661017 0.051041666666666666 0.19152542372881357
1 0.6518229166666667 0.27203389830508473 0.021354166666666667 0.08305084745762711
1 0.6450520833333333 0.188135593220339 0.011979166666666666 0.05084745762711864
1 0.6526041666666667 0.1559322033898305 0.010416666666666666 0.04067796610169491
0 0.9658854166666666 0.16779661016949152 0.008854166666666666 0.03389830508474576
1 0.9145833333333333 0.17203389830508475 0.010416666666666666 0.03559322033898305
0 0.8908854166666667 0.14745762711864407 0.008854166666666666 0.030508474576271184
1 0.8203125 0.15 0.008333333333333333 0.03220338983050847
1 0.7497395833333333 0.14067796610169492 0.0078125 0.03389830508474576
0 0.7463541666666667 0.1194915254237288 0.00625 0.02542372881355932
0 0.80546875 0.1288135593220339 0.0067708333333333336 0.02711864406779661
1 0.6895833333333333 0.14067796610169492 0.008333333333333333 0.03389830508474576
0 0.6859375 0.11440677966101695 0.00625 0.0288135593220339
