0 0.0265625 0.2889830508474576 0.016666666666666666 0.05593220338983051
0 0.017447916666666667 0.21525423728813559 0.0078125 0.03389830508474576
0 0.1125 0.19152542372881357 0.009375 0.030508474576271184
0 0.20703125 0.26016949152542374 0.01614583333333333 0.059322033898305086
0 0.18880208333333334 0.17457627118644067 0.0078125 0.02711864406779661
0 0.3567708333333333 0.23135593220338982 0.013541666666666667 0.05254237288135593
0 0.31484375 0.15762711864406778 0.0078125 0.02711864406779661
0 0.43828125 0.20338983050847456 0.011979166666666666 0.04406779661016949
1 0.60078125 0.19491525423728814 0.0109375 0.04406779661016949
1 0.7083333333333334 0.22118644067796608 0.0125 0.05254237288135593
0 0.6447916666666667 0.26440677966101694 0.01875 0.06779661016949153
1 0.23098958333333333 0.1966101694915254 0.009895833333333333 0.03389830508474576
1 0.16666666666666666 0.17203389830508475 0.00625 0.02542372881355932
1 0.07005208333333333 0.19322033898305085 0.008854166666666666 0.02711864406779661
0 0.37083333333333335 0.1542372881355932 0.007291666666666667 0.02711864406779661
1 0.34609375 0.14322033898305084 0.0067708333333333336 0.02542372881355932
1 0.3958333333333333 0.14152542372881355 0.007291666666666667 0.02542372881355932
0 0.41562499999999997 0.1542372881355932 0.00625 0.030508474576271184
0 0.465625 0.1864406779661017 0.010416666666666666 0.03728813559322034
0 0.475 0.17966101694915254 0.007291666666666667 0.03389830508474576
0 0.5830729166666666 0.17966101694915254 0.009895833333333333 0.04067796610169491
1 0.5919270833333333 0.15338983050847457 0.005729166666666666 0.0288135593220339
1 0.6221354166666666 0.1483050847457627 0.0078125 0.0288135593220339
1 0.6747395833333333 0.14152542372881355 0.0067708333333333336 0.0288135593220339
1 0.7388020833333333 0.13898305084745763 0.005729166666666666 0.02711864406779661
0 0.7213541666666666 0.12966101694915255 0.00625 0.02542372881355932
0 0.9359375 0.32372881355932204 0.025 0.08813559322033898
1 0.8713541666666667 0.23983050847457626 0.015625 0.059322033898305086
1 0.9015624999999999 0.14576271186440679 0.007291666666666667 0.030508474576271184
0 0.9270833333333334 0.13728813559322034 0.00625 0.02711864406779661
1 0.43854166666666666 0.2635593220338983 0.016666666666666666 0.06271186440677966
1 0.19791666666666666 0.3254237288135593 0.021875 0.07457627118644068
0 0.2625 0.16271186440677965 0.00625 0.02711864406779661
1 0.26640625 0.15254237288135591 0.0046875 0.023728813559322035
0 0.44296874999999997 0.16101694915254236 0.005729166666666666 0.02711864406779661
1 0.5755208333333334 0.17372881355932202 0.008333333333333333 0.03220338983050847
0 0.6302083333333334 0.1313559322033898 0.00625 0.02542372881355932
0 0.5856770833333333 0.13813559322033897 0.0067708333333333336 0.02542372881355932
1 0.99453125 0.15508474576271186 0.0109375 0.03220338983050847
2 0.24947916666666667 0.6601694915254237 0.04479166666666667 0.19491525423728814
2 0.38307291666666665 0.3720338983050847 0.0234375 0.09661016949152543
2 0.6497395833333334 0.36186440677966103 0.0265625 0.09999999999999999
2 0.7638020833333333 0.6330508474576271 0.04739583333333333 0.19491525423728814
