1 0.19817708333333334 0.3271186440677966 0.021354166666666667 0.07796610169491525
1 0.23072916666666665 0.19576271186440677 0.010416666666666666 0.03559322033898305
1 0.34609375 0.14322033898305084 0.0067708333333333336 0.02542372881355932
1 0.39609375 0.14067796610169492 0.005729166666666666 0.02711864406779661
1 0.43828125 0.2635593220338983 0.018229166666666668 0.06271186440677966
1 0.5752604166666666 0.1754237288135593 0.0078125 0.03220338983050847
1 0.6005208333333333 0.19491525423728814 0.009375 0.04067796610169491
1 0.5921875 0.15338983050847457 0.00625 0.0288135593220339
1 0.6223958333333334 0.1483050847457627 0.007291666666666667 0.0288135593220339
1 0.675 0.14152542372881355 0.00625 0.02542372881355932
1 0.70859375 0.22118644067796608 0.0140625 0.05254237288135593
1 0.7390625 0.13983050847457626 0.005208333333333333 0.02542372881355932
1 0.8716145833333333 0.23983050847457626 0.01614583333333333 0.059322033898305086
1 0.9018229166666667 0.14745762711864407 0.0067708333333333336 0.02711864406779661
0 0.6442708333333333 0.26440677966101694 0.01875 0.06779661016949153
0 0.7213541666666666 0.13050847457627118 0.00625 0.023728813559322035
0 0.6302083333333334 0.1313559322033898 0.00625 0.0288135593220339
0 0.5830729166666666 0.18050847457627117 0.0109375 0.03898305084745762
0 0.5859375 0.13983050847457626 0.00625 0.02542372881355932
0 0.026302083333333334 0.288135593220339 0.01614583333333333 0.0576271186440678
0 0.017447916666666667 0.21525423728813559 0.009895833333333333 0.03389830508474576
1 0.06979166666666667 0.1923728813559322 0.009375 0.0288135593220339
0 0.11302083333333333 0.19152542372881357 0.008333333333333333 0.030508474576271184
1 0.16666666666666666 0.1711864406779661 0.00625 0.02711864406779661
0 0.1890625 0.17457627118644067 0.007291666666666667 0.02711864406779661
0 0.20703125 0.261864406779661 0.015104166666666667 0.059322033898305086
0 0.31484375 0.1559322033898305 0.005729166666666666 0.02711864406779661
0 0.26197916666666665 0.16271186440677965 0.00625 0.02711864406779661
0 0.3567708333333333 0.2305084745762712 0.013541666666666667 0.05423728813559322
0 0.37083333333333335 0.1542372881355932 0.00625 0.02711864406779661
0 0.41562499999999997 0.15508474576271186 0.00625 0.0288135593220339
0 0.43854166666666666 0.20338983050847456 0.0125 0.04406779661016949
0 0.465625 0.1847457627118644 0.009375 0.04067796610169491
0 0.4747395833333333 0.17796610169491525 0.0067708333333333336 0.03389830508474576
1 0.26666666666666666 0.15338983050847457 0.004166666666666667 0.02542372881355932
2 0.24921875 0.6601694915254237 0.0453125 0.19491525423728814
2 0.7643229166666666 0.6338983050847458 0.0484375 0.19322033898305085
2 0.6494791666666666 0.36101694915254234 0.027083333333333334 0.0983050847457627
2 0.38307291666666665 0.3720338983050847 0.0234375 0.09999999999999999
0 0.4432291666666667 0.16016949152542373 0.00625 0.0288135593220339
0 0.9367187499999999 0.32372881355932204 0.025520833333333333 0.08813559322033898
0 0.9276041666666667 0.13813559322033897 0.007291666666666667 0.02542372881355932
