1 0.18723958333333332 0.3389830508474576 0.024479166666666666 0.07796610169491525
0 0.014322916666666666 0.3 0.0171875 0.0576271186440678
0 0.00859375 0.22288135593220337 0.011979166666666666 0.03559322033898305
0 0.06354166666666666 0.19999999999999998 0.009375 0.030508474576271184
0 0.10677083333333333 0.1983050847457627 0.009375 0.030508474576271184
0 0.18385416666666665 0.18305084745762712 0.008333333333333333 0.02711864406779661
1 0.16171875 0.17881355932203388 0.0067708333333333336 0.02542372881355932
0 0.19869791666666667 0.2694915254237288 0.0171875 0.06101694915254237
1 0.22604166666666667 0.20338983050847456 0.009375 0.03728813559322034
0 0.25807291666666665 0.16864406779661018 0.0067708333333333336 0.0288135593220339
0 0.31145833333333334 0.16271186440677965 0.00625 0.02711864406779661
0 0.35182291666666665 0.23983050847457626 0.013020833333333334 0.05254237288135593
0 0.36822916666666666 0.16016949152542373 0.00625 0.02542372881355932
1 0.34322916666666664 0.14915254237288136 0.00625 0.023728813559322035
1 0.3932291666666667 0.1483050847457627 0.00625 0.02542372881355932
0 0.4127604166666667 0.16016949152542373 0.0067708333333333336 0.0288135593220339
0 0.4354166666666667 0.2093220338983051 0.0125 0.04576271186440678
1 0.43463541666666666 0.27203389830508473 0.018229166666666668 0.06610169491525424
0 0.46328125 0.1923728813559322 0.009895833333333333 0.03898305084745762
0 0.47213541666666664 0.18389830508474575 0.0067708333333333336 0.03559322033898305
1 0.5747395833333333 0.17881355932203388 0.0067708333333333336 0.03220338983050847
0 0.5817708333333333 0.1847457627118644 0.010416666666666666 0.04067796610169491
1 0.5994791666666667 0.19999999999999998 0.011458333333333333 0.04406779661016949
1 0.590625 0.15762711864406778 0.00625 0.030508474576271184
1 0.62109375 0.15254237288135591 0.0067708333333333336 0.02711864406779661
0 0.62890625 0.13559322033898305 0.0067708333333333336 0.02711864406779661
0 0.6447916666666667 0.27288135593220336 0.01875 0.06779661016949153
1 0.6739583333333333 0.14661016949152542 0.007291666666666667 0.02542372881355932
1 0.7096354166666666 0.2271186440677966 0.0140625 0.05423728813559322
0 0.7205729166666667 0.1330508474576271 0.005729166666666666 0.02542372881355932
1 0.7377604166666667 0.1440677966101695 0.005729166666666666 0.023728813559322035
1 0.8752604166666667 0.24661016949152542 0.01614583333333333 0.06271186440677966
0 0.9447916666666667 0.33220338983050846 0.027083333333333334 0.09491525423728814
1 0.9018229166666667 0.15084745762711865 0.0067708333333333336 0.02711864406779661
0 0.92734375 0.14067796610169492 0.0067708333333333336 0.02711864406779661
1 0.2625 0.16016949152542373 0.005208333333333333 0.02542372881355932
0 0.4401041666666667 0.1652542372881356 0.007291666666666667 0.0288135593220339
0 0.5846354166666666 0.1440677966101695 0.0067708333333333336 0.02711864406779661
1 0.9953124999999999 0.15847457627118644 0.009375 0.03220338983050847
2 0.23046875 0.7042372881355932 0.04739583333333333 0.20847457627118643
2 0.3765625 0.3864406779661017 0.02395833333333333 0.10169491525423728
2 0.6515625 0.373728813559322 0.027083333333333334 0.09999999999999999
2 0.7763020833333333 0.6720338983050848 0.05260416666666667 0.20508474576271185
