1 0.05755208333333333 0.4313559322033898 0.0328125 0.10677966101694915
0 0.0484375 0.2093220338983051 0.010416666666666666 0.03220338983050847
0 0.11041666666666666 0.31525423728813556 0.020833333333333332 0.07457627118644068
1 0.11666666666666667 0.18559322033898304 0.007291666666666667 0.0288135593220339
0 0.1390625 0.18898305084745762 0.007291666666666667 0.03220338983050847
1 0.17473958333333334 0.21610169491525424 0.011979166666666666 0.0423728813559322
0 0.22213541666666667 0.17288135593220338 0.0078125 0.030508474576271184
1 0.22942708333333334 0.16271186440677965 0.0067708333333333336 0.02711864406779661
0 0.28046875 0.1669491525423729 0.0067708333333333336 0.0288135593220339
0 0.3046875 0.26864406779661015 0.016666666666666666 0.06271186440677966
1 0.3171875 0.14915254237288136 0.00625 0.02711864406779661
0 0.3416666666666667 0.16271186440677965 0.007291666666666667 0.030508474576271184
1 0.37083333333333335 0.14745762711864407 0.007291666666666667 0.02711864406779661
1 0.39791666666666664 0.31864406779661014 0.021875 0.0847457627118644
0 0.4080729166666667 0.22542372881355932 0.0140625 0.05423728813559322
0 0.39010416666666664 0.1635593220338983 0.008333333333333333 0.03220338983050847
0 0.41953124999999997 0.1694915254237288 0.0067708333333333336 0.030508474576271184
0 0.4419270833333333 0.20084745762711864 0.011979166666666666 0.04576271186440678
0 0.45286458333333335 0.19152542372881357 0.0078125 0.04067796610169491
0 0.5770833333333333 0.1923728813559322 0.011458333333333333 0.04576271186440678
1 0.56875 0.18305084745762712 0.007291666666666667 0.04067796610169491
1 0.5848958333333333 0.15847457627118644 0.00625 0.03220338983050847
1 0.5989583333333334 0.21271186440677967 0.0125 0.04915254237288135
1 0.6169270833333333 0.15084745762711865 0.0067708333333333336 0.030508474576271184
0 0.6247395833333333 0.1313559322033898 0.0067708333333333336 0.03220338983050847
0 0.6651041666666666 0.31864406779661014 0.022916666666666665 0.0847457627118644
1 0.7333333333333333 0.24915254237288134 0.016666666666666666 0.06440677966101695
1 0.6739583333333333 0.14322033898305084 0.007291666666666667 0.0288135593220339
1 0.7421875 0.14067796610169492 0.007291666666666667 0.02711864406779661
0 0.7221354166666667 0.13050847457627118 0.0067708333333333336 0.02711864406779661
1 0.9401041666666666 0.2754237288135593 0.020833333333333332 0.06949152542372881
1 0.9197916666666667 0.1483050847457627 0.008333333333333333 0.0288135593220339
0 0.94375 0.13644067796610168 0.007291666666666667 0.0288135593220339
1 0.8283854166666667 0.14661016949152542 0.0078125 0.03220338983050847
2 0.2895833333333333 0.5423728813559322 0.03958333333333333 0.1559322033898305
2 0.6997395833333333 0.5161016949152543 0.043229166666666666 0.1542372881355932
1 0.42083333333333334 0.14491525423728813 0.005208333333333333 0.02542372881355932
2 0.48151041666666666 0.13389830508474576 0.005729166666666666 0.02711864406779661
2 0.48802083333333335 0.12542372881355932 0.005208333333333333 0.023728813559322035
