1 0.04192708333333333 0.2076271186440678 0.008854166666666666 0.03559322033898305
1 0.07161458333333333 0.261864406779661 0.015104166666666667 0.05254237288135593
0 0.06197916666666667 0.2135593220338983 0.011458333333333333 0.03728813559322034
0 0.16614583333333333 0.19406779661016949 0.008333333333333333 0.03559322033898305
0 0.1828125 0.38305084745762713 0.025 0.0983050847457627
1 0.17994791666666665 0.17796610169491525 0.0078125 0.030508474576271184
0 0.234375 0.1847457627118644 0.009375 0.03389830508474576
1 0.2828125 0.5508474576271186 0.04375 0.16271186440677965
1 0.28203125 0.16440677966101694 0.0078125 0.030508474576271184
0 0.30494791666666665 0.18050847457627117 0.008854166666666666 0.03559322033898305
0 0.35703125 0.29406779661016946 0.0203125 0.07288135593220339
1 0.34296875 0.16186440677966102 0.0078125 0.0288135593220339
0 0.36041666666666666 0.1847457627118644 0.009375 0.03389830508474576
0 0.39348958333333334 0.1923728813559322 0.009895833333333333 0.03559322033898305
1 0.4005208333333333 0.16016949152542373 0.007291666666666667 0.0288135593220339
0 0.41119791666666666 0.24661016949152542 0.01614583333333333 0.059322033898305086
0 0.428125 0.2305084745762712 0.011458333333333333 0.05084745762711864
0 0.4354166666666667 0.211864406779661 0.009375 0.04745762711864407
1 0.5783854166666667 0.22203389830508474 0.011979166666666666 0.04745762711864407
0 0.5744791666666667 0.20254237288135593 0.008333333333333333 0.04576271186440678
0 0.59140625 0.2364406779661017 0.015104166666666667 0.059322033898305086
0 0.5833333333333334 0.15677966101694915 0.009375 0.03220338983050847
1 0.59453125 0.17881355932203388 0.008854166666666666 0.03898305084745762
1 0.6263020833333334 0.27288135593220336 0.01614583333333333 0.0711864406779661
1 0.6330729166666667 0.17203389830508475 0.008854166666666666 0.03220338983050847
0 0.6377604166666666 0.14322033898305084 0.0067708333333333336 0.03220338983050847
1 0.69765625 0.15932203389830507 0.0078125 0.03389830508474576
1 0.8518229166666667 0.3550847457627119 0.027604166666666666 0.11016949152542373
0 0.7489583333333333 0.1423728813559322 0.007291666666666667 0.030508474576271184
1 0.7770833333333333 0.15677966101694915 0.009375 0.03220338983050847
1 0.8776041666666666 0.16016949152542373 0.007291666666666667 0.03220338983050847
0 0.8713541666666667 0.1423728813559322 0.00625 0.03389830508474576
0 0.8 0.5745762711864406 0.051041666666666666 0.17627118644067796
2 0.47161458333333334 0.1440677966101695 0.0067708333333333336 0.02711864406779661
2 0.4791666666666667 0.1347457627118644 0.00625 0.02542372881355932
1 0.9932291666666666 0.1635593220338983 0.009375 0.03898305084745762
