1 0.3359375 0.3652542372881356 0.019791666666666666 0.08644067796610169
1 0.19479166666666667 0.523728813559322 0.034375 0.1288135593220339
1 0.3723958333333333 0.3211864406779661 0.01875 0.07627118644067796
1 0.39166666666666666 0.27627118644067794 0.01875 0.06440677966101695
1 0.6385416666666667 0.34491525423728814 0.021875 0.09322033898305085
0 0.7283854166666667 0.4711864406779661 0.03177083333333333 0.13220338983050847
0 0.61171875 0.3042372881355932 0.015104166666666667 0.06610169491525424
1 0.6002604166666666 0.26101694915254237 0.0140625 0.0711864406779661
1 0.3455729166666667 0.2364406779661017 0.008854166666666666 0.03898305084745762
1 0.3091145833333333 0.2177966101694915 0.0078125 0.02542372881355932
1 0.24270833333333333 0.21694915254237288 0.009375 0.04067796610169491
1 0.15755208333333334 0.2194915254237288 0.0078125 0.03220338983050847
1 0.06979166666666667 0.2330508474576271 0.00625 0.03898305084745762
1 0.5994791666666667 0.17881355932203388 0.008333333333333333 0.03559322033898305
1 0.6653645833333334 0.15932203389830507 0.0067708333333333336 0.030508474576271184
1 0.80234375 0.1542372881355932 0.0078125 0.02711864406779661
1 0.9562499999999999 0.15677966101694915 0.008333333333333333 0.03559322033898305
0 0.10234375 0.20847457627118643 0.005729166666666666 0.01694915254237288
0 0.22734374999999998 0.18983050847457628 0.0067708333333333336 0.03389830508474576
0 0.30052083333333335 0.1864406779661017 0.00625 0.02711864406779661
0 0.36953125 0.18220338983050846 0.0109375 0.03220338983050847
0 0.6200520833333333 0.21610169491525424 0.0109375 0.04576271186440678
0 0.6708333333333333 0.20254237288135593 0.009375 0.04576271186440678
0 0.7479166666666667 0.18559322033898304 0.011458333333333333 0.03898305084745762
0 0.8471354166666667 0.1771186440677966 0.0109375 0.03898305084745762
