0 0.18411458333333333 0.688135593220339 0.057812499999999996 0.19322033898305085
0 0.28229166666666666 0.48559322033898306 0.042708333333333334 0.13728813559322034
0 0.25703125 0.33559322033898303 0.021354166666666667 0.08135593220338982
0 0.22447916666666667 0.29152542372881357 0.017708333333333333 0.06440677966101695
0 0.14479166666666665 0.2754237288135593 0.017708333333333333 0.05593220338983051
0 0.03671875 0.2745762711864407 0.015104166666666667 0.05423728813559322
0 0.6908854166666667 0.4576271186440678 0.034895833333333334 0.13220338983050847
0 0.640625 0.22627118644067795 0.014583333333333334 0.05593220338983051
0 0.72421875 0.1983050847457627 0.0140625 0.0576271186440678
0 0.9 0.19491525423728814 0.014583333333333334 0.04745762711864407
1 0.32760416666666664 0.22033898305084745 0.009375 0.04067796610169491
1 0.24166666666666667 0.22203389830508474 0.0125 0.04745762711864407
1 0.15442708333333333 0.22288135593220337 0.011979166666666666 0.0423728813559322
1 0.69140625 0.31440677966101693 0.022395833333333334 0.08305084745762711
1 0.7557291666666667 0.27796610169491526 0.019791666666666666 0.07457627118644068
1 0.7549479166666666 0.6601694915254237 0.05572916666666666 0.20508474576271185
1 0.8549479166666667 0.2406779661016949 0.018229166666666668 0.06440677966101695
1 0.98984375 0.2330508474576271 0.0203125 0.059322033898305086
2 0.45078124999999997 0.18898305084745762 0.0109375 0.04576271186440678
2 0.46588541666666666 0.16864406779661018 0.008854166666666666 0.03898305084745762
2 0.634375 0.18050847457627117 0.010416666666666666 0.0423728813559322
2 0.62265625 0.15847457627118644 0.009895833333333333 0.03898305084745762
