1 0.07317708333333334 0.35677966101694913 0.025520833333333333 0.08644067796610169
1 0.81328125 0.7177966101694915 0.0640625 0.22203389830508474
1 0.8585937499999999 0.49322033898305084 0.0359375 0.1423728813559322
1 0.9408854166666667 0.34915254237288135 0.0296875 0.09491525423728814
0 0.60078125 0.3440677966101695 0.0265625 0.0983050847457627
0 0.70703125 0.27033898305084747 0.0203125 0.07627118644067796
0 0.9166666666666666 0.2406779661016949 0.019791666666666666 0.06101694915254237
2 0.2994791666666667 0.27033898305084747 0.01875 0.06610169491525424
2 0.33177083333333335 0.22627118644067795 0.013541666666666667 0.05254237288135593
2 0.56953125 0.23813559322033898 0.0171875 0.059322033898305086
2 0.5453125 0.19745762711864406 0.013541666666666667 0.04915254237288135
