0 0.5010416666666666 0.4449152542372881 0.03333333333333333 0.1271186440677966
0 0.70390625 0.29491525423728815 0.0203125 0.07457627118644068
0 0.865625 0.2576271186440678 0.016666666666666666 0.0576271186440678
0 0.9705729166666667 0.20677966101694914 0.0140625 0.04745762711864407
0 0.9640624999999999 0.15169491525423728 0.008333333333333333 0.0288135593220339
0 0.88359375 0.18389830508474575 0.0109375 0.03898305084745762
0 0.8486979166666666 0.16779661016949152 0.008854166666666666 0.03389830508474576
1 0.7791666666666667 0.1847457627118644 0.010416666666666666 0.03728813559322034
1 0.76015625 0.16271186440677965 0.0067708333333333336 0.030508474576271184
2 0.5640625 0.2135593220338983 0.014583333333333334 0.05084745762711864
2 0.60078125 0.19152542372881357 0.0078125 0.04406779661016949
2 0.6947916666666667 0.22627118644067795 0.013541666666666667 0.05593220338983051
2 0.71171875 0.19915254237288135 0.008854166666666666 0.04576271186440678
1 0.7838541666666666 0.1483050847457627 0.00625 0.02542372881355932
1 0.8669270833333333 0.21610169491525424 0.013020833333333334 0.0423728813559322
0 0.85625 0.15677966101694915 0.008333333333333333 0.0288135593220339
1 0.8440104166666667 0.14661016949152542 0.005729166666666666 0.02542372881355932
0 0.8903645833333333 0.15338983050847457 0.0067708333333333336 0.0288135593220339
1 0.9276041666666667 0.14576271186440679 0.007291666666666667 0.02711864406779661
