1 0.4734375 0.5288135593220339 0.040625 0.14915254237288136
1 0.6802083333333333 0.3177966101694915 0.02395833333333333 0.07966101694915254
1 0.8630208333333333 0.22288135593220337 0.013541666666666667 0.06271186440677966
1 0.7268229166666667 0.20423728813559322 0.008854166666666666 0.04576271186440678
1 0.5947916666666666 0.1559322033898305 0.009375 0.03728813559322034
1 0.63671875 0.17881355932203388 0.0067708333333333336 0.0423728813559322
1 0.6213541666666667 0.13813559322033897 0.005208333333333333 0.015254237288135592
1 0.9859375 0.22118644067796608 0.0125 0.04915254237288135
1 0.9841145833333333 0.1423728813559322 0.009895833333333333 0.030508474576271184
1 0.53203125 0.19999999999999998 0.009895833333333333 0.04745762711864407
1 0.64375 0.24152542372881355 0.013541666666666667 0.059322033898305086
1 0.9856770833333334 0.3949152542372881 0.019270833333333334 0.11186440677966102
1 0.82265625 0.16016949152542373 0.0067708333333333336 0.03220338983050847
