1 0.30963541666666666 0.8084745762711865 0.07135416666666666 0.2542372881355932
1 0.4158854166666667 0.27796610169491526 0.0265625 0.0711864406779661
1 0.28203125 0.2533898305084746 0.0203125 0.059322033898305086
1 0.22604166666666667 0.22796610169491524 0.015625 0.03898305084745762
1 0.23463541666666665 0.20084745762711864 0.013020833333333334 0.03220338983050847
1 0.58984375 0.2635593220338983 0.01614583333333333 0.06610169491525424
1 0.71015625 0.24576271186440676 0.0171875 0.06101694915254237
1 0.7606770833333333 0.23220338983050848 0.013020833333333334 0.04406779661016949
1 0.9450520833333333 0.3211864406779661 0.027604166666666666 0.08983050847457627
1 0.8059895833333334 0.22203389830508474 0.011979166666666666 0.05084745762711864
1 0.81015625 0.17966101694915254 0.0078125 0.03389830508474576
1 0.7979166666666666 0.1711864406779661 0.009375 0.04067796610169491
1 0.75234375 0.1483050847457627 0.0078125 0.0288135593220339
1 0.6958333333333333 0.1347457627118644 0.009375 0.022033898305084745
1 0.6411458333333333 0.13220338983050847 0.007291666666666667 0.023728813559322035
1 0.41953124999999997 0.14322033898305084 0.0109375 0.02542372881355932
1 0.3515625 0.15762711864406778 0.00625 0.023728813559322035
1 0.2752604166666667 0.18305084745762712 0.011979166666666666 0.03389830508474576
0 0.27630208333333334 0.40084745762711865 0.03697916666666667 0.10338983050847457
0 0.08359375 0.33559322033898303 0.021354166666666667 0.07796610169491525
0 0.06953125 0.26864406779661015 0.011979166666666666 0.05254237288135593
0 0.8911458333333333 0.3923728813559322 0.03125 0.12033898305084745
0 0.9757812499999999 0.29152542372881357 0.019270833333333334 0.08135593220338982
0 0.8833333333333333 0.15 0.0125 0.03220338983050847
0 0.8192708333333333 0.13728813559322034 0.011458333333333333 0.02711864406779661
0 0.5145833333333333 0.16779661016949152 0.011458333333333333 0.03728813559322034
0 0.66875 0.12457627118644067 0.007291666666666667 0.02542372881355932
0 0.39401041666666664 0.1423728813559322 0.005729166666666666 0.030508474576271184
0 0.3138020833333333 0.1559322033898305 0.008854166666666666 0.02711864406779661
0 0.13072916666666667 0.21694915254237288 0.015625 0.03728813559322034
0 0.48515625 0.13050847457627118 0.005729166666666666 0.023728813559322035
