1 0.2328125 0.5805084745762712 0.05416666666666667 0.16779661016949152
1 0.4809895833333333 0.42203389830508475 0.0296875 0.11864406779661017
1 0.55546875 0.3686440677966102 0.0265625 0.11016949152542373
1 0.6049479166666667 0.30508474576271183 0.0203125 0.07796610169491525
1 0.5864583333333333 0.23813559322033898 0.014583333333333334 0.04576271186440678
1 0.56171875 0.2093220338983051 0.0140625 0.04915254237288135
1 0.9307291666666666 0.573728813559322 0.041666666666666664 0.17796610169491525
1 0.9078125 0.3644067796610169 0.027083333333333334 0.10169491525423728
1 0.50703125 0.18898305084745762 0.0109375 0.03898305084745762
1 0.43854166666666666 0.18050847457627117 0.00625 0.03559322033898305
1 0.3734375 0.17966101694915254 0.00625 0.03728813559322034
1 0.946875 0.211864406779661 0.016666666666666666 0.06101694915254237
0 0.90078125 0.46440677966101696 0.0328125 0.1423728813559322
0 0.9671875 0.2889830508474576 0.02395833333333333 0.09661016949152543
0 0.17786458333333333 0.2771186440677966 0.015104166666666667 0.06949152542372881
0 0.16875 0.20423728813559322 0.007291666666666667 0.03559322033898305
0 0.6411458333333333 0.17203389830508475 0.007291666666666667 0.0288135593220339
1 0.75625 0.1652542372881356 0.010416666666666666 0.0423728813559322
1 0.775 0.15 0.011458333333333333 0.03559322033898305
