0 0.2856770833333333 0.7652542372881356 0.0640625 0.24576271186440676
0 0.2921875 0.3974576271186441 0.03125 0.10338983050847457
0 0.2661458333333333 0.31525423728813556 0.026041666666666668 0.08135593220338982
0 0.18697916666666667 0.28135593220338984 0.020833333333333332 0.06440677966101695
0 0.08125 0.26864406779661015 0.016666666666666666 0.05593220338983051
0 0.7838541666666666 0.27033898305084747 0.021875 0.07966101694915254
0 0.8841145833333334 0.2389830508474576 0.0203125 0.06779661016949153
1 0.91015625 0.43728813559322033 0.03802083333333333 0.13220338983050847
1 0.98125 0.3720338983050847 0.03229166666666666 0.1135593220338983
1 0.3966145833333333 0.2271186440677966 0.0140625 0.0576271186440678
1 0.3015625 0.22033898305084745 0.017708333333333333 0.05423728813559322
1 0.21276041666666667 0.211864406779661 0.013020833333333334 0.04406779661016949
1 0.048177083333333336 0.23135593220338982 0.015104166666666667 0.04915254237288135
2 0.5380208333333333 0.1966101694915254 0.014583333333333334 0.05084745762711864
2 0.5541666666666667 0.1711864406779661 0.011458333333333333 0.04067796610169491
2 0.7361979166666667 0.17288135593220338 0.011979166666666666 0.04406779661016949
2 0.7575520833333333 0.20254237288135593 0.015104166666666667 0.05254237288135593
