0 0.5088541666666666 0.43813559322033896 0.0375 0.14067796610169492
0 0.6130208333333333 0.29491525423728815 0.021875 0.10169491525423728
0 0.803125 0.2330508474576271 0.01875 0.06949152542372881
0 0.9822916666666667 0.21440677966101696 0.016666666666666666 0.05593220338983051
1 0.9265625 0.6711864406779661 0.058333333333333334 0.23728813559322035
1 0.8921875 0.37881355932203387 0.03125 0.1135593220338983
1 0.9859375 0.30338983050847457 0.027083333333333334 0.08135593220338982
2 0.0609375 0.3550847457627119 0.03333333333333333 0.09661016949152543
2 0.12265625 0.2754237288135593 0.022395833333333334 0.07288135593220339
2 0.4041666666666667 0.211864406779661 0.014583333333333334 0.0576271186440678
2 0.43984375 0.2661016949152542 0.022395833333333334 0.07457627118644068
