1 0.36875 0.5449152542372881 0.04895833333333333 0.16440677966101694
1 0.6098958333333333 0.3084745762711864 0.03229166666666666 0.07457627118644068
1 0.76796875 0.25 0.0171875 0.06271186440677966
1 0.8526041666666666 0.18983050847457628 0.010416666666666666 0.04067796610169491
1 0.9825520833333333 0.21101694915254238 0.013020833333333334 0.059322033898305086
0 0.9361979166666666 0.3974576271186441 0.044270833333333336 0.12033898305084745
0 0.9679687499999999 0.6771186440677965 0.06302083333333333 0.2559322033898305
0 0.9799479166666667 0.3084745762711864 0.024479166666666666 0.0847457627118644
0 0.67890625 0.17033898305084746 0.011979166666666666 0.03220338983050847
0 0.6572916666666666 0.14745762711864407 0.007291666666666667 0.030508474576271184
0 0.8080729166666667 0.12627118644067797 0.0046875 0.022033898305084745
1 0.7427083333333333 0.15338983050847457 0.007291666666666667 0.01864406779661017
1 0.7768229166666667 0.1694915254237288 0.015104166666666667 0.03728813559322034
1 0.7765625 0.13728813559322034 0.007291666666666667 0.023728813559322035
1 0.90859375 0.13644067796610168 0.0078125 0.02542372881355932
1 0.8385416666666666 0.13813559322033897 0.00625 0.02542372881355932
0 0.9869791666666666 0.16440677966101694 0.011458333333333333 0.030508474576271184
