1 0.3645833333333333 0.7220338983050847 0.06041666666666667 0.24406779661016947
1 0.6408854166666667 0.3525423728813559 0.0265625 0.10508474576271186
1 0.834375 0.2194915254237288 0.015625 0.06271186440677966
1 0.6947916666666667 0.2093220338983051 0.017708333333333333 0.059322033898305086
1 0.5979166666666667 0.17966101694915254 0.011458333333333333 0.04745762711864407
1 0.5528645833333333 0.16610169491525423 0.0078125 0.04067796610169491
1 0.96328125 0.22457627118644066 0.0140625 0.06610169491525424
1 0.9411458333333333 0.13389830508474576 0.009375 0.030508474576271184
0 0.7895833333333333 0.15508474576271186 0.010416666666666666 0.03559322033898305
0 0.6075520833333333 0.24152542372881355 0.018229166666666668 0.07288135593220339
0 0.4822916666666667 0.21016949152542372 0.015625 0.0576271186440678
0 0.4536458333333333 0.16864406779661018 0.013541666666666667 0.03898305084745762
0 0.47812499999999997 0.14322033898305084 0.005208333333333333 0.02542372881355932
0 0.53828125 0.1347457627118644 0.0067708333333333336 0.03220338983050847
0 0.6091145833333333 0.12627118644067797 0.0067708333333333336 0.02542372881355932
0 0.6807291666666666 0.1194915254237288 0.00625 0.02542372881355932
0 0.7682291666666666 0.1194915254237288 0.008333333333333333 0.011864406779661017
0 0.9822916666666667 0.12288135593220338 0.009375 0.03220338983050847
1 0.5828125 0.13898305084745763 0.008333333333333333 0.030508474576271184
1 0.6408854166666667 0.12288135593220338 0.0067708333333333336 0.022033898305084745
1 0.7046875 0.12627118644067797 0.0125 0.02542372881355932
1 0.8536458333333333 0.1288135593220339 0.005208333333333333 0.020338983050847456
