0 0.21197916666666666 0.4949152542372881 0.051041666666666666 0.1423728813559322
0 0.07083333333333333 0.24237288135593218 0.013541666666666667 0.05423728813559322
0 0.17473958333333334 0.20677966101694914 0.009895833333333333 0.04067796610169491
1 0.17708333333333334 0.261864406779661 0.016666666666666666 0.05254237288135593
1 0.2359375 0.28983050847457625 0.020833333333333332 0.0711864406779661
1 0.38776041666666666 0.3211864406779661 0.0234375 0.07966101694915254
1 0.58671875 0.30508474576271183 0.0234375 0.08135593220338982
1 0.715625 0.2796610169491525 0.01875 0.07796610169491525
1 0.7671875 0.26864406779661015 0.015625 0.07627118644067796
1 0.8119791666666667 0.2559322033898305 0.014583333333333334 0.06440677966101695
0 0.9567708333333333 0.4771186440677966 0.04895833333333333 0.16779661016949152
1 0.3184895833333333 0.17966101694915254 0.0078125 0.03389830508474576
1 0.23958333333333334 0.20169491525423727 0.00625 0.02711864406779661
1 0.19010416666666666 0.22542372881355932 0.014583333333333334 0.04067796610169491
0 0.2796875 0.18389830508474575 0.010416666666666666 0.03220338983050847
0 0.4934895833333333 0.18898305084745762 0.0109375 0.0423728813559322
0 0.4596354166666667 0.15254237288135591 0.008854166666666666 0.030508474576271184
0 0.365625 0.1711864406779661 0.007291666666666667 0.01694915254237288
1 0.6799479166666667 0.15338983050847457 0.0078125 0.0288135593220339
1 0.6236979166666666 0.1559322033898305 0.0078125 0.02711864406779661
1 0.7401041666666667 0.17372881355932202 0.009375 0.03559322033898305
1 0.78671875 0.1923728813559322 0.013020833333333334 0.05254237288135593
1 0.8057291666666666 0.2076271186440678 0.011458333333333333 0.04576271186440678
0 0.8044270833333333 0.15847457627118644 0.0067708333333333336 0.03220338983050847
0 0.65078125 0.14067796610169492 0.005729166666666666 0.030508474576271184
0 0.87265625 0.17288135593220338 0.008854166666666666 0.03728813559322034
