1 0.35520833333333335 0.511864406779661 0.042708333333333334 0.16271186440677965
1 0.4427083333333333 0.4279661016949152 0.03854166666666667 0.1440677966101695
1 0.49895833333333334 0.3466101694915254 0.026041666666666668 0.08983050847457627
1 0.8848958333333333 0.6542372881355932 0.059375 0.23728813559322035
1 0.8125 0.38728813559322034 0.027083333333333334 0.12033898305084745
1 0.8216145833333334 0.21440677966101696 0.015104166666666667 0.05593220338983051
1 0.92578125 0.20508474576271185 0.0171875 0.0576271186440678
1 0.4765625 0.2627118644067796 0.01875 0.06440677966101695
1 0.4497395833333333 0.23135593220338982 0.013020833333333334 0.05254237288135593
1 0.38958333333333334 0.21101694915254238 0.011458333333333333 0.03898305084745762
1 0.3140625 0.20084745762711864 0.0125 0.0423728813559322
1 0.24322916666666666 0.2076271186440678 0.009375 0.03898305084745762
1 0.13125 0.22796610169491524 0.014583333333333334 0.03559322033898305
0 0.8268229166666666 0.4991525423728813 0.033854166666666664 0.15762711864406778
0 0.8520833333333333 0.2966101694915254 0.019791666666666666 0.0847457627118644
0 0.9359375 0.28389830508474573 0.01875 0.08644067796610169
0 0.5309895833333333 0.1906779661016949 0.0078125 0.0423728813559322
0 0.46041666666666664 0.18728813559322033 0.008333333333333333 0.04915254237288135
0 0.39296875 0.17881355932203388 0.0109375 0.03559322033898305
0 0.278125 0.18050847457627117 0.004166666666666667 0.02542372881355932
