1 0.1421875 0.48389830508474574 0.041666666666666664 0.13389830508474576
1 0.14140625 0.37457627118644066 0.027604166666666666 0.0983050847457627
1 0.061197916666666664 0.32457627118644067 0.027604166666666666 0.08305084745762711
1 0.73359375 0.2677966101694915 0.018229166666666668 0.08135593220338982
1 0.8361979166666667 0.21864406779661016 0.011979166666666666 0.06779661016949153
0 0.8739583333333333 0.48559322033898306 0.046875 0.1542372881355932
0 0.94375 0.385593220338983 0.034375 0.13050847457627118
0 0.31354166666666666 0.24661016949152542 0.014583333333333334 0.059322033898305086
0 0.21171874999999998 0.24406779661016947 0.0171875 0.05423728813559322
0 0.11458333333333333 0.2406779661016949 0.01875 0.06101694915254237
