1 0.62578125 0.43050847457627117 0.04739583333333333 0.15254237288135591
1 0.54609375 0.31101694915254235 0.025520833333333333 0.10338983050847457
1 0.4356770833333333 0.25508474576271184 0.025520833333333333 0.06610169491525424
1 0.32578125 0.23220338983050848 0.0171875 0.06440677966101695
1 0.20338541666666665 0.2330508474576271 0.0140625 0.04915254237288135
1 0.034375 0.25508474576271184 0.017708333333333333 0.05593220338983051
0 0.08723958333333333 0.2330508474576271 0.009895833333333333 0.04915254237288135
0 0.24505208333333334 0.20847457627118643 0.013020833333333334 0.04067796610169491
0 0.3890625 0.19915254237288135 0.014583333333333334 0.03559322033898305
0 0.5307291666666667 0.21440677966101696 0.01875 0.05254237288135593
0 0.7265625 0.261864406779661 0.022916666666666665 0.08983050847457627
