1 0.8822916666666667 0.385593220338983 0.0375 0.12033898305084745
1 0.6768229166666666 0.27627118644067794 0.027604166666666666 0.07457627118644068
1 0.5234375 0.22457627118644066 0.017708333333333333 0.05254237288135593
1 0.35442708333333334 0.22203389830508474 0.011979166666666666 0.04745762711864407
1 0.18671875 0.23728813559322035 0.0140625 0.05423728813559322
1 0.034895833333333334 0.2677966101694915 0.019791666666666666 0.05423728813559322
0 0.7682291666666666 0.22288135593220337 0.016666666666666666 0.07627118644067796
0 0.5752604166666666 0.19576271186440677 0.015104166666666667 0.06610169491525424
0 0.41692708333333334 0.17796610169491525 0.0109375 0.04406779661016949
0 0.24166666666666667 0.19999999999999998 0.013541666666666667 0.03728813559322034
0 0.07682291666666667 0.2305084745762712 0.019270833333333334 0.04406779661016949
