1 0.9028645833333333 0.40423728813559323 0.0515625 0.13728813559322034
1 0.68046875 0.2957627118644068 0.024479166666666666 0.08305084745762711
1 0.5221354166666666 0.24237288135593218 0.015104166666666667 0.06101694915254237
1 0.35260416666666666 0.23983050847457626 0.015625 0.059322033898305086
1 0.18125 0.2559322033898305 0.014583333333333334 0.05423728813559322
1 0.026822916666666665 0.2923728813559322 0.018229166666666668 0.06610169491525424
0 0.06770833333333333 0.24745762711864405 0.011458333333333333 0.04745762711864407
0 0.23906249999999998 0.22372881355932203 0.015625 0.04745762711864407
0 0.41510416666666666 0.20169491525423727 0.016666666666666666 0.04406779661016949
0 0.57734375 0.2059322033898305 0.022395833333333334 0.04915254237288135
0 0.7755208333333333 0.24152542372881355 0.015625 0.059322033898305086
