1 0.9044270833333333 0.4161016949152542 0.04114583333333333 0.12372881355932203
1 0.6822916666666666 0.29152542372881357 0.019791666666666666 0.08135593220338982
1 0.5239583333333333 0.2389830508474576 0.016666666666666666 0.05423728813559322
1 0.35234375 0.24406779661016947 0.011979166666666666 0.0576271186440678
1 0.18307291666666667 0.26016949152542374 0.011979166666666666 0.04915254237288135
1 0.028125 0.29322033898305083 0.01875 0.06440677966101695
0 0.7755208333333333 0.24322033898305084 0.0125 0.06610169491525424
0 0.5760416666666667 0.20423728813559322 0.014583333333333334 0.04576271186440678
0 0.4158854166666667 0.20508474576271185 0.013020833333333334 0.05084745762711864
0 0.24036458333333333 0.22288135593220337 0.0078125 0.04915254237288135
0 0.06979166666666667 0.2483050847457627 0.014583333333333334 0.0423728813559322
