1 0.9020833333333333 0.4152542372881356 0.035416666666666666 0.13898305084745763
1 0.6807291666666666 0.29406779661016946 0.027083333333333334 0.08305084745762711
1 0.5234375 0.24237288135593218 0.014583333333333334 0.06101694915254237
1 0.3528645833333333 0.24406779661016947 0.0109375 0.0576271186440678
1 0.18229166666666666 0.2584745762711864 0.016666666666666666 0.059322033898305086
1 0.02734375 0.29491525423728815 0.0171875 0.06101694915254237
0 0.7755208333333333 0.24406779661016947 0.019791666666666666 0.06779661016949153
0 0.5747395833333333 0.20423728813559322 0.009895833333333333 0.04915254237288135
0 0.4161458333333333 0.20254237288135593 0.013541666666666667 0.05254237288135593
0 0.23958333333333334 0.22288135593220337 0.013541666666666667 0.04915254237288135
0 0.06848958333333333 0.2559322033898305 0.01614583333333333 0.06440677966101695
