0 0.4421875 0.27288135593220336 0.01875 0.06779661016949153
0 0.19348958333333333 0.33983050847457624 0.0234375 0.08983050847457627
0 0.7184895833333333 0.22288135593220337 0.018229166666666668 0.04915254237288135
0 0.88515625 0.23983050847457626 0.0140625 0.059322033898305086
0 0.60625 0.19745762711864406 0.008333333333333333 0.0423728813559322
0 0.22786458333333334 0.20169491525423727 0.0067708333333333336 0.04067796610169491
1 0.6455729166666666 0.27033898305084747 0.0203125 0.08305084745762711
1 0.3575520833333333 0.2347457627118644 0.0109375 0.05254237288135593
1 0.44036458333333334 0.20508474576271185 0.009895833333333333 0.03389830508474576
1 0.01953125 0.3 0.018229166666666668 0.06101694915254237
1 0.20494791666666667 0.2694915254237288 0.018229166666666668 0.06779661016949153
1 0.46875 0.19152542372881357 0.013541666666666667 0.03728813559322034
1 0.4778645833333333 0.17966101694915254 0.011979166666666666 0.03728813559322034
1 0.5888020833333333 0.1847457627118644 0.011979166666666666 0.04745762711864407
0 0.57890625 0.1711864406779661 0.0078125 0.04067796610169491
