0 0.01640625 0.21525423728813559 0.008854166666666666 0.030508474576271184
1 0.06302083333333333 0.21525423728813559 0.009375 0.03389830508474576
0 0.10755208333333333 0.40338983050847455 0.03177083333333333 0.0983050847457627
0 0.12734375 0.1906779661016949 0.0078125 0.0288135593220339
0 0.18984375 0.2177966101694915 0.0109375 0.0423728813559322
1 0.14140625 0.3042372881355932 0.021354166666666667 0.07288135593220339
1 0.15 0.1923728813559322 0.009375 0.03220338983050847
0 0.23671875 0.1652542372881356 0.0067708333333333336 0.0288135593220339
0 0.32265625 0.15169491525423728 0.0067708333333333336 0.02542372881355932
0 0.41484375 0.30338983050847457 0.021354166666666667 0.07796610169491525
0 0.37526041666666665 0.15 0.008854166666666666 0.0288135593220339
0 0.60078125 0.2076271186440678 0.013020833333333334 0.04915254237288135
0 0.5854166666666667 0.15762711864406778 0.008333333333333333 0.030508474576271184
0 0.6171875 0.15169491525423728 0.007291666666666667 0.03220338983050847
0 0.6723958333333333 0.1423728813559322 0.008333333333333333 0.02711864406779661
0 0.7291666666666666 0.23813559322033898 0.015625 0.06271186440677966
0 0.7390625 0.13728813559322034 0.008333333333333333 0.030508474576271184
0 0.8213541666666666 0.14152542372881355 0.00625 0.0288135593220339
0 0.91171875 0.13983050847457626 0.008854166666666666 0.03220338983050847
0 0.9213541666666667 0.25677966101694916 0.020833333333333332 0.07288135593220339
0 0.42473958333333334 0.14661016949152542 0.0067708333333333336 0.022033898305084745
0 0.5708333333333333 0.18135593220338983 0.009375 0.03728813559322034
1 0.28802083333333334 0.17033898305084746 0.009375 0.0288135593220339
1 0.321875 0.261864406779661 0.017708333333333333 0.06271186440677966
1 0.33151041666666664 0.16610169491525423 0.0078125 0.030508474576271184
1 0.38828125 0.16610169491525423 0.009895833333333333 0.030508474576271184
1 0.41796875 0.22288135593220337 0.015104166666666667 0.04915254237288135
1 0.42526041666666664 0.17203389830508475 0.008854166666666666 0.0288135593220339
1 0.44895833333333335 0.19915254237288135 0.0125 0.04576271186440678
1 0.4596354166666667 0.19152542372881357 0.0109375 0.04067796610169491
1 0.5744791666666667 0.13559322033898305 0.00625 0.030508474576271184
1 0.5786458333333333 0.1906779661016949 0.011458333333333333 0.04915254237288135
1 0.65078125 0.3042372881355932 0.0234375 0.08305084745762711
1 0.8346354166666666 0.1694915254237288 0.0140625 0.04406779661016949
1 0.93359375 0.12966101694915255 0.0078125 0.03220338983050847
1 0.6239583333333333 0.12966101694915255 0.008333333333333333 0.03220338983050847
1 0.71953125 0.1271186440677966 0.0067708333333333336 0.02711864406779661
