0 0.058854166666666666 0.2059322033898305 0.009375 0.03559322033898305
0 0.1015625 0.2533898305084746 0.013541666666666667 0.05593220338983051
0 0.1890625 0.18220338983050846 0.007291666666666667 0.0288135593220339
0 0.334375 0.45084745762711864 0.034375 0.12542372881355932
0 0.28671875 0.16779661016949152 0.008854166666666666 0.030508474576271184
0 0.3463541666666667 0.1652542372881356 0.007291666666666667 0.03220338983050847
0 0.40130208333333334 0.1635593220338983 0.008854166666666666 0.03220338983050847
0 0.5697916666666667 0.21610169491525424 0.0125 0.04915254237288135
0 0.6111979166666667 0.25677966101694916 0.015104166666666667 0.06271186440677966
0 0.5848958333333333 0.18135593220338983 0.009375 0.03728813559322034
0 0.6208333333333333 0.17288135593220338 0.010416666666666666 0.03728813559322034
0 0.796875 0.31949152542372883 0.022916666666666665 0.08644067796610169
0 0.6830729166666667 0.1635593220338983 0.0109375 0.03220338983050847
0 0.7580729166666667 0.15932203389830507 0.0109375 0.03389830508474576
0 0.8502604166666666 0.16271186440677965 0.009895833333333333 0.03389830508474576
0 0.95703125 0.16779661016949152 0.0109375 0.03728813559322034
1 0.08020833333333333 0.211864406779661 0.008333333333333333 0.04406779661016949
1 0.178125 0.19406779661016949 0.010416666666666666 0.03898305084745762
1 0.22838541666666667 0.34491525423728814 0.024479166666666666 0.08644067796610169
1 0.24322916666666666 0.188135593220339 0.009375 0.03389830508474576
1 0.29244791666666664 0.1847457627118644 0.009895833333333333 0.03389830508474576
1 0.371875 0.27627118644067794 0.01875 0.06440677966101695
1 0.3559895833333333 0.18559322033898304 0.009895833333333333 0.03898305084745762
1 0.3966145833333333 0.19322033898305085 0.009895833333333333 0.03728813559322034
1 0.4184895833333333 0.2389830508474576 0.015104166666666667 0.05423728813559322
1 0.43203125 0.22542372881355932 0.013020833333333334 0.05084745762711864
1 0.5809895833333333 0.22796610169491524 0.015104166666666667 0.05593220338983051
1 0.5700520833333333 0.15169491525423728 0.0078125 0.03220338983050847
1 0.6268229166666667 0.15084745762711865 0.0078125 0.03389830508474576
1 0.7145833333333333 0.4694915254237288 0.041666666666666664 0.13559322033898305
1 0.7322916666666667 0.14745762711864407 0.008333333333333333 0.030508474576271184
1 0.8877604166666666 0.20677966101694914 0.0171875 0.0576271186440678
1 0.8421875 0.14745762711864407 0.009375 0.030508474576271184
1 0.9734375 0.1542372881355932 0.011458333333333333 0.03389830508474576
