1 0.10416666666666667 0.2194915254237288 0.010416666666666666 0.0423728813559322
1 0.18463541666666666 0.2059322033898305 0.008854166666666666 0.0423728813559322
1 0.26979166666666665 0.40508474576271186 0.029166666666666667 0.11186440677966102
1 0.3658854166666667 0.3076271186440678 0.022395833333333334 0.08644067796610169
1 0.3932291666666667 0.27796610169491526 0.019791666666666666 0.0711864406779661
1 0.3614583333333333 0.21440677966101696 0.011458333333333333 0.05254237288135593
1 0.315625 0.20508474576271185 0.0125 0.04406779661016949
1 0.24114583333333334 0.20084745762711864 0.013541666666666667 0.04576271186440678
1 0.6119791666666666 0.288135593220339 0.022916666666666665 0.0847457627118644
1 0.5833333333333334 0.15254237288135591 0.010416666666666666 0.03728813559322034
1 0.65078125 0.1440677966101695 0.0109375 0.03728813559322034
1 0.7770833333333333 0.14152542372881355 0.011458333333333333 0.03898305084745762
1 0.9106770833333333 0.13813559322033897 0.0109375 0.03898305084745762
0 0.12760416666666666 0.19576271186440677 0.011458333333333333 0.03898305084745762
0 0.24557291666666667 0.1754237288135593 0.0078125 0.03559322033898305
0 0.37786458333333334 0.1694915254237288 0.011979166666666666 0.04067796610169491
0 0.6713541666666667 0.3635593220338983 0.028125 0.11016949152542373
0 0.5921875 0.26016949152542374 0.01875 0.07288135593220339
0 0.6057291666666667 0.19322033898305085 0.013541666666666667 0.05423728813559322
0 0.6502604166666667 0.18305084745762712 0.013020833333333334 0.04406779661016949
0 0.7247395833333333 0.16610169491525423 0.011979166666666666 0.04406779661016949
0 0.8156249999999999 0.16016949152542373 0.013541666666666667 0.04576271186440678
0 0.9348958333333334 0.16271186440677965 0.0125 0.04406779661016949
