1 0.19166666666666665 0.6347457627118643 0.05416666666666667 0.19152542372881357
1 0.2908854166666667 0.4983050847457627 0.0390625 0.1423728813559322
1 0.30390625 0.29491525423728815 0.021354166666666667 0.07457627118644068
1 0.25494791666666666 0.2669491525423729 0.018229166666666668 0.059322033898305086
1 0.09895833333333333 0.2542372881355932 0.015625 0.05423728813559322
1 0.16796875 0.25254237288135595 0.015104166666666667 0.05423728813559322
1 0.6234375 0.19322033898305085 0.013541666666666667 0.05084745762711864
1 0.6572916666666666 0.3694915254237288 0.026041666666666668 0.10508474576271186
1 0.7127604166666667 0.18898305084745762 0.0140625 0.05254237288135593
1 0.7598958333333333 0.6194915254237288 0.05 0.20169491525423727
1 0.8768229166666667 0.18559322033898304 0.01614583333333333 0.04915254237288135
0 0.9494791666666667 0.2135593220338983 0.017708333333333333 0.0576271186440678
0 0.8255208333333334 0.22288135593220337 0.017708333333333333 0.05593220338983051
0 0.6872395833333333 0.4779661016949152 0.03802083333333333 0.14576271186440679
0 0.7309895833333333 0.25 0.019270833333333334 0.06949152542372881
0 0.6713541666666667 0.2771186440677966 0.019791666666666666 0.07627118644067796
0 0.3536458333333333 0.2076271186440678 0.013541666666666667 0.04915254237288135
0 0.27421875 0.2076271186440678 0.013020833333333334 0.04915254237288135
0 0.19427083333333334 0.211864406779661 0.011458333333333333 0.04406779661016949
0 0.04635416666666667 0.2347457627118644 0.0125 0.04915254237288135
