0 0.8192708333333333 0.16864406779661018 0.013541666666666667 0.04576271186440678
0 0.7963541666666667 0.14067796610169492 0.011458333333333333 0.03728813559322034
0 0.88515625 0.12288135593220338 0.0078125 0.0288135593220339
0 0.8203125 0.12796610169491526 0.009375 0.0288135593220339
1 0.7510416666666666 0.2923728813559322 0.026041666666666668 0.08644067796610169
0 0.9229166666666666 0.19915254237288135 0.014583333333333334 0.05593220338983051
1 0.91484375 0.24237288135593218 0.022395833333333334 0.06779661016949153
1 0.8927083333333333 0.14745762711864407 0.009375 0.03728813559322034
1 0.8997395833333334 0.1347457627118644 0.008854166666666666 0.03559322033898305
1 0.9341145833333333 0.1635593220338983 0.013020833333333334 0.0423728813559322
1 0.9356770833333333 0.1313559322033898 0.009895833333333333 0.0288135593220339
1 0.5328125 0.473728813559322 0.040625 0.15084745762711865
0 0.9757812499999999 0.12372881355932203 0.009895833333333333 0.03389830508474576
