1 0.45989583333333334 0.6135593220338983 0.052083333333333336 0.19999999999999998
1 0.6520833333333333 0.31610169491525425 0.028125 0.09999999999999999
1 0.7033854166666667 0.1966101694915254 0.01614583333333333 0.0576271186440678
1 0.6083333333333333 0.17372881355932202 0.013541666666666667 0.05254237288135593
1 0.5890625 0.13389830508474576 0.008333333333333333 0.03389830508474576
1 0.56171875 0.1542372881355932 0.011979166666666666 0.05084745762711864
1 0.78046875 0.11694915254237288 0.0109375 0.03389830508474576
1 0.83828125 0.20677966101694914 0.0171875 0.06101694915254237
1 0.9578125 0.20677966101694914 0.020833333333333332 0.06101694915254237
1 0.9380208333333333 0.12288135593220338 0.013541666666666667 0.03898305084745762
0 0.50078125 0.20338983050847456 0.015104166666666667 0.05423728813559322
0 0.48776041666666664 0.14661016949152542 0.009895833333333333 0.03559322033898305
0 0.46796875 0.1694915254237288 0.013020833333333334 0.04067796610169491
0 0.621875 0.23389830508474577 0.017708333333333333 0.06440677966101695
0 0.7911458333333333 0.14576271186440679 0.0125 0.03728813559322034
0 0.5442708333333334 0.1330508474576271 0.009375 0.03220338983050847
0 0.6135416666666667 0.12288135593220338 0.008333333333333333 0.0288135593220339
1 0.64609375 0.12627118644067797 0.0109375 0.03220338983050847
1 0.7049479166666667 0.12118644067796609 0.0078125 0.02542372881355932
0 0.9765625 0.11694915254237288 0.010416666666666666 0.03728813559322034
