0 0.19791666666666666 0.46694915254237285 0.040625 0.1440677966101695
0 0.4653645833333333 0.19576271186440677 0.013020833333333334 0.05254237288135593
0 0.8507812499999999 0.4177966101694915 0.0359375 0.13050847457627118
0 0.8268229166666666 0.1635593220338983 0.011979166666666666 0.04915254237288135
0 0.9247395833333333 0.30677966101694915 0.024479166666666666 0.09491525423728814
0 0.7653645833333333 0.15338983050847457 0.0109375 0.0423728813559322
0 0.7088541666666667 0.14576271186440679 0.010416666666666666 0.04067796610169491
0 0.6200520833333333 0.14152542372881355 0.009895833333333333 0.03898305084745762
0 0.43645833333333334 0.15508474576271186 0.009375 0.03898305084745762
0 0.15442708333333333 0.2194915254237288 0.0140625 0.04915254237288135
0 0.25703125 0.18898305084745762 0.011979166666666666 0.04576271186440678
1 0.2171875 0.2983050847457627 0.019791666666666666 0.08813559322033898
1 0.359375 0.31610169491525425 0.022916666666666665 0.09322033898305085
1 0.29661458333333335 0.19152542372881357 0.009895833333333333 0.04406779661016949
1 0.15572916666666667 0.2745762711864407 0.015625 0.06440677966101695
1 0.21614583333333334 0.2177966101694915 0.013541666666666667 0.05254237288135593
1 0.17083333333333334 0.2406779661016949 0.015625 0.05423728813559322
1 0.5432291666666667 0.2983050847457627 0.01875 0.0847457627118644
1 0.66484375 0.26864406779661015 0.021354166666666667 0.07627118644067796
1 0.5934895833333333 0.15338983050847457 0.009895833333333333 0.03898305084745762
1 0.6466145833333333 0.15932203389830507 0.008854166666666666 0.03728813559322034
1 0.7140625 0.2542372881355932 0.017708333333333333 0.06779661016949153
1 0.6877604166666667 0.16440677966101694 0.0109375 0.04406779661016949
1 0.7377604166666667 0.17966101694915254 0.013020833333333334 0.04745762711864407
1 0.8994791666666666 0.33728813559322035 0.03125 0.10508474576271186
1 0.9718749999999999 0.28135593220338984 0.022916666666666665 0.0847457627118644
1 0.7604166666666666 0.19915254237288135 0.014583333333333334 0.04915254237288135
1 0.44895833333333335 0.16016949152542373 0.009375 0.0423728813559322
1 0.3677083333333333 0.17457627118644067 0.010416666666666666 0.03728813559322034
0 0.3419270833333333 0.17033898305084746 0.008854166666666666 0.03898305084745762
1 0.1640625 0.9025423728813559 0.059375 0.19152542372881357
