1 0.21822916666666667 0.6661016949152542 0.052083333333333336 0.19999999999999998
1 0.5046875 0.4694915254237288 0.035416666666666666 0.13898305084745763
1 0.08098958333333334 0.23983050847457626 0.0140625 0.04915254237288135
1 0.20807291666666666 0.211864406779661 0.0109375 0.04406779661016949
1 0.3065104166666667 0.1966101694915254 0.011979166666666666 0.04067796610169491
1 0.4015625 0.18728813559322033 0.010416666666666666 0.0423728813559322
1 0.4674479166666667 0.18898305084745762 0.009895833333333333 0.04576271186440678
1 0.5169270833333334 0.19491525423728814 0.013020833333333334 0.04745762711864407
1 0.5877604166666667 0.40847457627118644 0.030729166666666665 0.11864406779661017
1 0.6455729166666666 0.338135593220339 0.024479166666666666 0.09322033898305085
1 0.6223958333333334 0.25254237288135595 0.016666666666666666 0.06779661016949153
1 0.58359375 0.2194915254237288 0.015104166666666667 0.05593220338983051
0 0.04765625 0.23389830508474577 0.0109375 0.04067796610169491
0 0.19661458333333334 0.28135593220338984 0.019270833333333334 0.06779661016949153
0 0.19713541666666667 0.20338983050847456 0.009895833333333333 0.03728813559322034
0 0.3130208333333333 0.18135593220338983 0.008333333333333333 0.03389830508474576
0 0.540625 0.16271186440677965 0.011458333333333333 0.04067796610169491
0 0.6067708333333334 0.17457627118644067 0.010416666666666666 0.04067796610169491
0 0.434375 0.16779661016949152 0.009375 0.03389830508474576
0 0.6794270833333333 0.18389830508474575 0.013020833333333334 0.04915254237288135
