0 0.03229166666666666 0.2347457627118644 0.016666666666666666 0.059322033898305086
0 0.20807291666666666 0.2093220338983051 0.01614583333333333 0.059322033898305086
0 0.3033854166666667 0.21440677966101696 0.01614583333333333 0.059322033898305086
0 0.40598958333333335 0.22288135593220337 0.0171875 0.06271186440677966
1 0.06848958333333333 0.2745762711864407 0.022395833333333334 0.07457627118644068
1 0.14973958333333334 0.2830508474576271 0.0265625 0.07796610169491525
1 0.25078125 0.32627118644067793 0.027604166666666666 0.08983050847457627
1 0.30807291666666664 0.42457627118644065 0.034895833333333334 0.1271186440677966
1 0.7901041666666666 0.2177966101694915 0.01875 0.06949152542372881
1 0.9234375 0.2135593220338983 0.022916666666666665 0.07796610169491525
1 0.3375 0.9025423728813559 0.052083333333333336 0.19152542372881357
