1 0.23828125 0.6483050847457626 0.057812499999999996 0.1983050847457627
1 0.41796875 0.2889830508474576 0.0171875 0.08305084745762711
1 0.45208333333333334 0.20084745762711864 0.0125 0.05254237288135593
1 0.4713541666666667 0.16186440677966102 0.009375 0.03898305084745762
1 0.4828125 0.13813559322033897 0.007291666666666667 0.03220338983050847
1 0.4901041666666667 0.12457627118644067 0.00625 0.02542372881355932
1 0.4947916666666667 0.11440677966101695 0.005208333333333333 0.02542372881355932
0 0.54609375 0.10254237288135593 0.0046875 0.022033898305084745
0 0.5510416666666667 0.10847457627118644 0.005208333333333333 0.023728813559322035
0 0.5572916666666666 0.11694915254237288 0.00625 0.02711864406779661
0 0.5658854166666667 0.1288135593220339 0.0078125 0.030508474576271184
0 0.57578125 0.14491525423728813 0.008854166666666666 0.03898305084745762
0 0.5984375 0.17627118644067796 0.010416666666666666 0.04745762711864407
0 0.6533854166666666 0.2661016949152542 0.018229166666666668 0.07796610169491525
0 0.6794270833333333 0.11694915254237288 0.0078125 0.030508474576271184
0 0.7783854166666666 0.15169491525423728 0.0109375 0.04576271186440678
0 0.8200520833333333 0.5288135593220339 0.050520833333333334 0.17288135593220338
1 0.6684895833333333 0.08305084745762711 0.005729166666666666 0.020338983050847456
1 0.7020833333333333 0.10762711864406779 0.008333333333333333 0.03220338983050847
1 0.7140625 0.13644067796610168 0.008333333333333333 0.03559322033898305
