1 0.22343749999999998 0.6754237288135593 0.057291666666666664 0.1983050847457627
1 0.41432291666666665 0.29322033898305083 0.019270833333333334 0.08135593220338982
1 0.44947916666666665 0.20423728813559322 0.0125 0.04915254237288135
1 0.46822916666666664 0.1635593220338983 0.010416666666666666 0.03898305084745762
1 0.47994791666666664 0.14152542372881355 0.0078125 0.03220338983050847
1 0.48723958333333334 0.12627118644067797 0.0078125 0.0288135593220339
1 0.6661458333333333 0.08389830508474576 0.00625 0.01864406779661017
1 0.6997395833333333 0.11016949152542373 0.0078125 0.030508474576271184
0 0.6770833333333334 0.11864406779661017 0.008333333333333333 0.03389830508474576
0 0.6515625 0.2694915254237288 0.020833333333333332 0.08135593220338982
0 0.7765625 0.1542372881355932 0.0125 0.04745762711864407
0 0.825 0.5432203389830508 0.057291666666666664 0.17457627118644067
0 0.59609375 0.17796610169491525 0.011979166666666666 0.05084745762711864
0 0.5736979166666667 0.14915254237288136 0.008854166666666666 0.03728813559322034
0 0.56328125 0.13050847457627118 0.008854166666666666 0.03389830508474576
0 0.5549479166666667 0.1194915254237288 0.0067708333333333336 0.0288135593220339
0 0.5481770833333334 0.11101694915254237 0.005729166666666666 0.02542372881355932
1 0.7119791666666666 0.13898305084745763 0.009375 0.04067796610169491
