1 0.3609375 0.36271186440677966 0.021875 0.0983050847457627
1 0.41510416666666666 0.23135593220338982 0.013541666666666667 0.059322033898305086
1 0.44036458333333334 0.18050847457627117 0.008854166666666666 0.04576271186440678
1 0.45416666666666666 0.15508474576271186 0.008333333333333333 0.03220338983050847
1 0.46249999999999997 0.13898305084745763 0.007291666666666667 0.02711864406779661
1 0.46770833333333334 0.12627118644067797 0.005208333333333333 0.02542372881355932
0 0.5270833333333333 0.11864406779661017 0.005208333333333333 0.023728813559322035
0 0.5341145833333333 0.1288135593220339 0.0067708333333333336 0.02711864406779661
0 0.5434895833333333 0.14152542372881355 0.008854166666666666 0.03559322033898305
0 0.5544270833333333 0.16271186440677965 0.009895833333333333 0.04067796610169491
0 0.5815104166666667 0.1983050847457627 0.013020833333333334 0.05423728813559322
0 0.521875 0.11186440677966102 0.004166666666666667 0.023728813559322035
0 0.7783854166666666 0.1652542372881356 0.013020833333333334 0.04915254237288135
0 0.6638020833333333 0.12627118644067797 0.0078125 0.03898305084745762
1 0.6479166666666667 0.08813559322033898 0.005208333333333333 0.023728813559322035
1 0.68671875 0.11694915254237288 0.0078125 0.03728813559322034
1 0.70390625 0.14745762711864407 0.008854166666666666 0.04067796610169491
0 0.6981770833333333 0.15 0.0078125 0.03898305084745762
0 0.9338541666666667 0.1711864406779661 0.016666666666666666 0.05423728813559322
0 0.6567708333333333 0.3228813559322034 0.026041666666666668 0.09999999999999999
0 0.21197916666666666 0.30338983050847457 0.025 0.05423728813559322
1 0.91953125 0.22033898305084745 0.0203125 0.06779661016949153
1 0.8916666666666666 0.12033898305084745 0.011458333333333333 0.04067796610169491
