1 0.22708333333333333 0.5923728813559321 0.042708333333333334 0.17457627118644067
1 0.3684895833333333 0.29322033898305083 0.018229166666666668 0.07796610169491525
1 0.4119791666666667 0.21271186440677967 0.0125 0.04915254237288135
1 0.43333333333333335 0.1754237288135593 0.009375 0.03898305084745762
1 0.44479166666666664 0.1542372881355932 0.008333333333333333 0.030508474576271184
1 0.45208333333333334 0.13983050847457626 0.00625 0.0288135593220339
1 0.6463541666666667 0.09661016949152543 0.00625 0.02711864406779661
1 0.6973958333333333 0.13220338983050847 0.008333333333333333 0.04067796610169491
1 0.72734375 0.17203389830508475 0.0109375 0.04915254237288135
1 0.7135416666666666 0.17203389830508475 0.008333333333333333 0.04576271186440678
1 0.9390625 0.13898305084745763 0.0125 0.04406779661016949
0 0.8263020833333333 0.19915254237288135 0.018229166666666668 0.059322033898305086
0 0.7408854166666666 0.5330508474576271 0.0453125 0.1711864406779661
0 0.6729166666666666 0.14322033898305084 0.009375 0.0423728813559322
0 0.7203125 0.17372881355932202 0.009375 0.04576271186440678
0 0.5854166666666667 0.24406779661016947 0.015625 0.06440677966101695
0 0.5494791666666666 0.18983050847457628 0.0125 0.04745762711864407
0 0.5356770833333333 0.16016949152542373 0.008854166666666666 0.03898305084745762
0 0.525 0.14322033898305084 0.007291666666666667 0.03220338983050847
0 0.5169270833333334 0.12796610169491526 0.0046875 0.0288135593220339
