0 0.3385416666666667 0.4177966101694915 0.029166666666666667 0.12033898305084745
0 0.4309895833333333 0.2533898305084746 0.01614583333333333 0.06610169491525424
0 0.4653645833333333 0.19576271186440677 0.0109375 0.04576271186440678
0 0.4822916666666667 0.16610169491525423 0.009375 0.03728813559322034
0 0.49192708333333335 0.14745762711864407 0.0078125 0.030508474576271184
0 0.7856770833333333 0.14661016949152542 0.0109375 0.04576271186440678
0 0.7088541666666667 0.0983050847457627 0.007291666666666667 0.02711864406779661
0 0.853125 0.2093220338983051 0.015625 0.06271186440677966
0 0.8322916666666667 0.2076271186440678 0.013541666666666667 0.06271186440677966
1 0.8432291666666667 0.211864406779661 0.013541666666666667 0.06440677966101695
1 0.7588541666666666 0.15932203389830507 0.011458333333333333 0.04745762711864407
1 0.6791666666666667 0.338135593220339 0.028125 0.10338983050847457
1 0.6106770833333334 0.22542372881355932 0.0171875 0.06101694915254237
1 0.5895833333333333 0.1771186440677966 0.011458333333333333 0.04576271186440678
1 0.5752604166666666 0.15338983050847457 0.009895833333333333 0.03559322033898305
1 0.565625 0.13898305084745763 0.008333333333333333 0.030508474576271184
1 0.5591145833333333 0.12796610169491526 0.005729166666666666 0.02542372881355932
0 0.49895833333333334 0.13644067796610168 0.005208333333333333 0.022033898305084745
0 0.50625 0.12033898305084745 0.003125 0.01694915254237288
0 0.5026041666666666 0.1288135593220339 0.003125 0.01694915254237288
1 0.5513020833333333 0.1152542372881356 0.0036458333333333334 0.01694915254237288
1 0.5546875 0.12118644067796609 0.004166666666666667 0.01864406779661017
