1 0.4200520833333333 0.3254237288135593 0.0234375 0.09152542372881356
1 0.47994791666666664 0.21440677966101696 0.015104166666666667 0.05593220338983051
1 0.5041666666666667 0.16779661016949152 0.010416666666666666 0.04406779661016949
1 0.5161458333333333 0.1423728813559322 0.009375 0.03389830508474576
1 0.5247395833333334 0.12627118644067797 0.0078125 0.02542372881355932
1 0.7625 0.0923728813559322 0.010416666666666666 0.03220338983050847
1 0.8934895833333333 0.15762711864406778 0.01614583333333333 0.06101694915254237
0 0.9375 0.6906779661016949 0.07604166666666666 0.24915254237288134
0 0.6895833333333333 0.2872881355932203 0.022916666666666665 0.08644067796610169
0 0.6411458333333333 0.1966101694915254 0.015625 0.0576271186440678
0 0.6166666666666667 0.15677966101694915 0.010416666666666666 0.04576271186440678
0 0.60234375 0.13559322033898305 0.008854166666666666 0.03728813559322034
0 0.59296875 0.12033898305084745 0.0067708333333333336 0.03389830508474576
0 0.8643229166666666 0.1754237288135593 0.018229166666666668 0.06610169491525424
