0 0.225 0.6440677966101694 0.05416666666666667 0.1864406779661017
0 0.9356770833333333 0.20169491525423727 0.0203125 0.06779661016949153
0 0.7283854166666667 0.1152542372881356 0.0109375 0.02711864406779661
0 0.47760416666666666 0.13389830508474576 0.00625 0.023728813559322035
0 0.46770833333333334 0.15762711864406778 0.007291666666666667 0.030508474576271184
0 0.47291666666666665 0.1440677966101695 0.00625 0.023728813559322035
0 0.45598958333333334 0.17966101694915254 0.0109375 0.04067796610169491
0 0.4375 0.2177966101694915 0.0125 0.04915254237288135
0 0.39453125 0.30338983050847457 0.0171875 0.07796610169491525
1 0.5322916666666666 0.12796610169491526 0.00625 0.02542372881355932
1 0.5377604166666666 0.13813559322033897 0.0067708333333333336 0.0288135593220339
1 0.5455729166666666 0.15 0.0078125 0.03220338983050847
1 0.5583333333333333 0.16864406779661018 0.009375 0.03898305084745762
1 0.58046875 0.20254237288135593 0.011979166666666666 0.04915254237288135
1 0.6239583333333333 0.2694915254237288 0.019791666666666666 0.07457627118644068
1 0.7591145833333334 0.5144067796610169 0.0421875 0.16440677966101694
1 0.915625 0.23728813559322035 0.02395833333333333 0.07457627118644068
