1 0.23541666666666666 0.4957627118644068 0.040625 0.1440677966101695
1 0.359375 0.2745762711864407 0.01875 0.06779661016949153
1 0.39817708333333335 0.20254237288135593 0.0109375 0.04915254237288135
1 0.41744791666666664 0.1711864406779661 0.008854166666666666 0.03728813559322034
1 0.4270833333333333 0.15084745762711865 0.008333333333333333 0.030508474576271184
1 0.43463541666666666 0.13728813559322034 0.0067708333333333336 0.02711864406779661
1 0.7166666666666667 0.10847457627118644 0.007291666666666667 0.030508474576271184
0 0.64375 0.4059322033898305 0.034375 0.13050847457627118
0 0.5572916666666666 0.24322033898305084 0.017708333333333333 0.06610169491525424
0 0.5260416666666666 0.18559322033898304 0.011458333333333333 0.04576271186440678
0 0.5109375 0.15338983050847457 0.008333333333333333 0.03559322033898305
0 0.5026041666666666 0.13898305084745763 0.007291666666666667 0.030508474576271184
0 0.49609375 0.12542372881355932 0.005729166666666666 0.02711864406779661
