1 0.6604166666666667 0.3593220338983051 0.029166666666666667 0.11186440677966102
1 0.6013020833333333 0.22966101694915253 0.01614583333333333 0.06271186440677966
1 0.5770833333333333 0.17796610169491525 0.010416666666666666 0.04406779661016949
1 0.5658854166666667 0.15338983050847457 0.008854166666666666 0.03559322033898305
1 0.5583333333333333 0.13728813559322034 0.007291666666666667 0.030508474576271184
0 0.3421875 0.3940677966101695 0.027083333333333334 0.10338983050847457
0 0.4283854166666667 0.24745762711864405 0.01614583333333333 0.06101694915254237
0 0.4622395833333333 0.19322033898305085 0.0109375 0.04406779661016949
0 0.47734375 0.1652542372881356 0.009895833333333333 0.03559322033898305
0 0.48802083333333335 0.14661016949152542 0.008333333333333333 0.03220338983050847
0 0.828125 0.12118644067796609 0.010416666666666666 0.03559322033898305
