1 0.16119791666666666 0.8542372881355932 0.07552083333333333 0.2542372881355932
1 0.4393229166666667 0.32033898305084746 0.0234375 0.09152542372881356
1 0.49609375 0.2177966101694915 0.013020833333333334 0.05593220338983051
1 0.5174479166666667 0.17372881355932202 0.013020833333333334 0.0423728813559322
1 0.53125 0.1483050847457627 0.009375 0.03559322033898305
0 0.6145833333333334 0.13644067796610168 0.010416666666666666 0.0423728813559322
0 0.6263020833333334 0.16186440677966102 0.0109375 0.0423728813559322
0 0.6479166666666667 0.20169491525423727 0.013541666666666667 0.05423728813559322
0 0.7044270833333334 0.3084745762711864 0.0234375 0.09491525423728814
1 0.9661458333333334 0.13050847457627118 0.015625 0.04745762711864407
