1 0.37604166666666666 0.3432203389830508 0.022916666666666665 0.10677966101694915
1 0.45416666666666666 0.21440677966101696 0.014583333333333334 0.059322033898305086
1 0.47734375 0.17796610169491525 0.013020833333333334 0.04406779661016949
1 0.5247395833333334 0.1542372881355932 0.009895833333333333 0.04067796610169491
1 0.5723958333333333 0.13983050847457626 0.007291666666666667 0.03220338983050847
1 0.6317708333333333 0.1288135593220339 0.007291666666666667 0.02711864406779661
1 0.6729166666666666 0.1194915254237288 0.00625 0.02542372881355932
1 0.7317708333333334 0.10423728813559321 0.005208333333333333 0.022033898305084745
1 0.7119791666666666 0.11779661016949153 0.007291666666666667 0.02542372881355932
1 0.79609375 0.10084745762711864 0.0046875 0.01864406779661017
1 0.8677083333333333 0.10508474576271186 0.005208333333333333 0.023728813559322035
1 0.9419270833333333 0.11101694915254237 0.0067708333333333336 0.022033898305084745
0 0.6888020833333334 0.3516949152542373 0.0296875 0.11016949152542373
0 0.60546875 0.23813559322033898 0.018229166666666668 0.06610169491525424
0 0.6364583333333333 0.18898305084745762 0.0125 0.04915254237288135
0 0.6598958333333333 0.16271186440677965 0.011458333333333333 0.04067796610169491
0 0.6755208333333333 0.1440677966101695 0.007291666666666667 0.030508474576271184
0 0.7244791666666667 0.13389830508474576 0.007291666666666667 0.030508474576271184
0 0.77421875 0.12966101694915255 0.0078125 0.0288135593220339
0 0.8825520833333333 0.11864406779661017 0.0067708333333333336 0.02711864406779661
0 0.9200520833333333 0.12457627118644067 0.008854166666666666 0.0288135593220339
0 0.9815104166666666 0.13983050847457626 0.009895833333333333 0.03220338983050847
