1 0.32057291666666665 0.44152542372881354 0.0359375 0.13389830508474576
1 0.4596354166666667 0.2483050847457627 0.019270833333333334 0.06949152542372881
1 0.5171875 0.19491525423728814 0.015625 0.05423728813559322
1 0.5609375 0.16779661016949152 0.013541666666666667 0.04406779661016949
1 0.5356770833333333 0.1483050847457627 0.0109375 0.03559322033898305
1 0.61875 0.11610169491525424 0.008333333333333333 0.0288135593220339
1 0.7109375 0.11779661016949153 0.008333333333333333 0.03220338983050847
1 0.8065104166666667 0.12288135593220338 0.009895833333333333 0.03220338983050847
1 0.9640624999999999 0.1483050847457627 0.011458333333333333 0.03898305084745762
0 0.85625 0.15338983050847457 0.0125 0.0423728813559322
0 0.7302083333333333 0.14067796610169492 0.010416666666666666 0.03728813559322034
0 0.7861979166666666 0.14491525423728813 0.009895833333333333 0.03559322033898305
0 0.72734375 0.19745762711864406 0.01614583333333333 0.05593220338983051
0 0.70625 0.24915254237288134 0.019791666666666666 0.06779661016949153
0 0.7067708333333333 0.36271186440677966 0.030208333333333334 0.11186440677966102
0 0.7018229166666666 0.1669491525423729 0.013020833333333334 0.04576271186440678
0 0.6765625 0.1559322033898305 0.010416666666666666 0.04067796610169491
0 0.6651041666666666 0.14067796610169492 0.010416666666666666 0.03728813559322034
