0 0.31927083333333334 0.44576271186440675 0.034375 0.1288135593220339
0 0.4596354166666667 0.24915254237288134 0.018229166666666668 0.06779661016949153
0 0.5174479166666667 0.1983050847457627 0.01614583333333333 0.05084745762711864
0 0.5614583333333333 0.16864406779661018 0.0125 0.04576271186440678
0 0.5359375 0.15084745762711865 0.011458333333333333 0.03728813559322034
0 0.6192708333333333 0.11779661016949153 0.008333333333333333 0.03220338983050847
0 0.7111979166666667 0.11694915254237288 0.008854166666666666 0.030508474576271184
0 0.8072916666666666 0.12288135593220338 0.008333333333333333 0.03220338983050847
0 0.9651041666666667 0.14745762711864407 0.0125 0.03728813559322034
1 0.85625 0.15338983050847457 0.011458333333333333 0.03898305084745762
1 0.7872395833333333 0.14491525423728813 0.0109375 0.03559322033898305
1 0.665625 0.14322033898305084 0.011458333333333333 0.03559322033898305
1 0.6765625 0.15677966101694915 0.009375 0.03898305084745762
1 0.7015625 0.1669491525423729 0.010416666666666666 0.04576271186440678
1 0.7270833333333333 0.1983050847457627 0.014583333333333334 0.05084745762711864
1 0.7299479166666667 0.14067796610169492 0.008854166666666666 0.03728813559322034
1 0.7065104166666667 0.25 0.0203125 0.06949152542372881
1 0.7075520833333333 0.36610169491525424 0.028645833333333332 0.10847457627118644
0 0.5388020833333333 0.12966101694915255 0.005729166666666666 0.0288135593220339
