0 0.15416666666666667 0.7533898305084745 0.059375 0.2389830508474576
0 0.4302083333333333 0.311864406779661 0.025 0.0847457627118644
0 0.5033854166666667 0.22627118644067795 0.0171875 0.06610169491525424
0 0.5559895833333334 0.188135593220339 0.0140625 0.05423728813559322
0 0.5260416666666666 0.1652542372881356 0.010416666666666666 0.03898305084745762
0 0.5299479166666666 0.13898305084745763 0.0078125 0.030508474576271184
0 0.6161458333333333 0.12542372881355932 0.009375 0.030508474576271184
0 0.7161458333333334 0.12203389830508474 0.007291666666666667 0.030508474576271184
0 0.82109375 0.1313559322033898 0.009895833333333333 0.03220338983050847
1 0.8854166666666666 0.16610169491525423 0.011458333333333333 0.04745762711864407
1 0.8052083333333333 0.1559322033898305 0.011458333333333333 0.04067796610169491
1 0.7419270833333333 0.15169491525423728 0.011979166666666666 0.03898305084745762
1 0.7549479166666666 0.2271186440677966 0.018229166666666668 0.06101694915254237
1 0.7471354166666666 0.30338983050847457 0.025520833333333333 0.08813559322033898
1 0.7161458333333334 0.18728813559322033 0.013541666666666667 0.04915254237288135
1 0.7919270833333333 0.5389830508474576 0.0421875 0.16610169491525423
1 0.6705729166666666 0.15508474576271186 0.0109375 0.0423728813559322
1 0.6859375 0.17033898305084746 0.011458333333333333 0.04576271186440678
