0 0.9010416666666666 0.5550847457627118 0.05520833333333333 0.18135593220338983
0 0.8114583333333333 0.31440677966101693 0.027083333333333334 0.09661016949152543
0 0.91484375 0.1923728813559322 0.01614583333333333 0.059322033898305086
0 0.8122395833333333 0.1771186440677966 0.013020833333333334 0.04576271186440678
0 0.6494791666666666 0.1754237288135593 0.014583333333333334 0.04915254237288135
0 0.6760416666666667 0.20423728813559322 0.014583333333333334 0.05593220338983051
0 0.7236979166666666 0.2288135593220339 0.01614583333333333 0.06440677966101695
0 0.734375 0.17033898305084746 0.013541666666666667 0.04576271186440678
1 0.25364583333333335 0.6050847457627119 0.051041666666666666 0.18305084745762712
1 0.43046875 0.32796610169491525 0.0265625 0.09322033898305085
1 0.50859375 0.23813559322033898 0.0203125 0.06949152542372881
1 0.46848958333333335 0.19491525423728814 0.015104166666666667 0.05084745762711864
1 0.4739583333333333 0.1559322033898305 0.010416666666666666 0.03728813559322034
1 0.5760416666666667 0.13644067796610168 0.010416666666666666 0.03559322033898305
1 0.6911458333333333 0.1330508474576271 0.010416666666666666 0.03898305084745762
1 0.8111979166666666 0.13898305084745763 0.009895833333333333 0.03389830508474576
