1 0.21380208333333334 0.6084745762711864 0.05364583333333333 0.19322033898305085
1 0.3924479166666667 0.3389830508474576 0.027604166666666666 0.0983050847457627
1 0.34869791666666666 0.25254237288135595 0.0203125 0.0711864406779661
1 0.36276041666666664 0.188135593220339 0.0140625 0.05084745762711864
1 0.4895833333333333 0.15338983050847457 0.013541666666666667 0.0423728813559322
1 0.62109375 0.14576271186440679 0.011979166666666666 0.04067796610169491
1 0.753125 0.15254237288135591 0.0125 0.04745762711864407
0 0.5833333333333334 0.21101694915254238 0.019791666666666666 0.06271186440677966
0 0.62265625 0.2559322033898305 0.019270833333333334 0.07457627118644068
0 0.69453125 0.2983050847457627 0.025520833333333333 0.08813559322033898
0 0.6822916666666666 0.1983050847457627 0.016666666666666666 0.0576271186440678
0 0.7731770833333333 0.20508474576271185 0.015104166666666667 0.06101694915254237
0 0.8940104166666667 0.22118644067796608 0.018229166666666668 0.06949152542372881
0 0.8820312499999999 0.48559322033898306 0.04010416666666666 0.15084745762711865
1 0.9940104166666667 0.19406779661016949 0.0109375 0.05593220338983051
