0 0.05963541666666666 0.8906779661016949 0.08072916666666667 0.21864406779661016
0 0.171875 0.42966101694915254 0.035416666666666666 0.12033898305084745
0 0.2677083333333333 0.26016949152542374 0.021875 0.07288135593220339
0 0.4583333333333333 0.19491525423728814 0.017708333333333333 0.0576271186440678
0 0.63671875 0.18135593220338983 0.015104166666666667 0.05423728813559322
0 0.8145833333333333 0.18983050847457628 0.017708333333333333 0.0576271186440678
1 0.59140625 0.3177966101694915 0.03177083333333333 0.10677966101694915
1 0.6786458333333333 0.45847457627118643 0.0375 0.1440677966101695
1 0.7479166666666667 0.28389830508474573 0.026041666666666668 0.08983050847457627
1 0.8950520833333333 0.29745762711864404 0.0265625 0.08983050847457627
1 0.8848958333333333 0.6677966101694915 0.06666666666666667 0.21694915254237288
