1 0.27708333333333335 0.39576271186440676 0.0375 0.14745762711864407
1 0.4317708333333333 0.20338983050847456 0.01875 0.0711864406779661
1 0.45416666666666666 0.14745762711864407 0.014583333333333334 0.04745762711864407
1 0.48802083333333335 0.08813559322033898 0.009375 0.030508474576271184
1 0.54609375 0.0771186440677966 0.0067708333333333336 0.022033898305084745
1 0.6236979166666666 0.07966101694915254 0.0046875 0.020338983050847456
1 0.77734375 0.09745762711864407 0.0067708333333333336 0.015254237288135592
0 0.71171875 0.48813559322033895 0.0390625 0.1423728813559322
0 0.64296875 0.24915254237288134 0.015104166666666667 0.0711864406779661
0 0.60234375 0.1694915254237288 0.015104166666666667 0.05084745762711864
0 0.57734375 0.12542372881355932 0.008854166666666666 0.030508474576271184
0 0.5817708333333333 0.10508474576271186 0.007291666666666667 0.02711864406779661
0 0.6111979166666667 0.09152542372881356 0.0078125 0.023728813559322035
0 0.7135416666666666 0.09745762711864407 0.005208333333333333 0.02542372881355932
0 0.8513020833333333 0.11779661016949153 0.0067708333333333336 0.0288135593220339
1 0.8598958333333333 0.11101694915254237 0.007291666666666667 0.022033898305084745
