1 0.23984375 0.46355932203389827 0.04739583333333333 0.16440677966101694
1 0.43307291666666664 0.22542372881355932 0.015104166666666667 0.06779661016949153
1 0.459375 0.16016949152542373 0.015625 0.04576271186440678
1 0.4942708333333333 0.0940677966101695 0.009375 0.03220338983050847
1 0.5549479166666667 0.0847457627118644 0.008854166666666666 0.02711864406779661
1 0.6341145833333334 0.08644067796610169 0.0067708333333333336 0.023728813559322035
1 0.7916666666666666 0.10677966101694915 0.00625 0.020338983050847456
1 0.87734375 0.1194915254237288 0.005729166666666666 0.022033898305084745
0 0.7643229166666666 0.6050847457627119 0.04635416666666667 0.17288135593220338
0 0.66484375 0.2788135593220339 0.0171875 0.07288135593220339
0 0.6174479166666667 0.1864406779661017 0.015104166666666667 0.04745762711864407
0 0.5861979166666667 0.1330508474576271 0.0078125 0.03220338983050847
0 0.6223958333333334 0.09745762711864407 0.009375 0.02542372881355932
0 0.7268229166666667 0.10254237288135593 0.0067708333333333336 0.022033898305084745
0 0.8703124999999999 0.1288135593220339 0.005208333333333333 0.02711864406779661
