1 0.26119791666666664 0.538135593220339 0.044270833333333336 0.18135593220338983
1 0.3716145833333333 0.26440677966101694 0.025520833333333333 0.0847457627118644
1 0.44427083333333334 0.11610169491525424 0.014583333333333334 0.04915254237288135
1 0.5236979166666667 0.09915254237288135 0.009895833333333333 0.04576271186440678
0 0.83359375 0.6923728813559322 0.05572916666666666 0.20169491525423727
0 0.6372395833333333 0.29915254237288136 0.0203125 0.08644067796610169
0 0.575 0.18305084745762712 0.013541666666666667 0.05084745762711864
0 0.5723958333333333 0.13220338983050847 0.009375 0.02711864406779661
0 0.6067708333333334 0.11440677966101695 0.010416666666666666 0.0288135593220339
1 0.6161458333333333 0.09152542372881356 0.00625 0.023728813559322035
