1 0.32057291666666665 0.3525423728813559 0.0359375 0.12203389830508474
1 0.42994791666666665 0.13644067796610168 0.0109375 0.04915254237288135
0 0.67109375 0.3949152542372881 0.0296875 0.12203389830508474
0 0.578125 0.2177966101694915 0.014583333333333334 0.059322033898305086
0 0.5736979166666667 0.15677966101694915 0.011979166666666666 0.03898305084745762
1 0.51796875 0.11271186440677966 0.0078125 0.03559322033898305
0 0.6098958333333333 0.13050847457627118 0.008333333333333333 0.04067796610169491
1 0.61796875 0.10338983050847457 0.0078125 0.030508474576271184
0 0.7354166666666666 0.1271186440677966 0.00625 0.030508474576271184
1 0.6854166666666667 0.10677966101694915 0.005208333333333333 0.020338983050847456
