1 0.7020833333333333 0.502542372881356 0.041666666666666664 0.14745762711864407
1 0.7807291666666667 0.24915254237288134 0.01875 0.0576271186440678
1 0.8721354166666666 0.23559322033898306 0.015104166666666667 0.04745762711864407
1 0.9856770833333334 0.24576271186440676 0.013020833333333334 0.04406779661016949
0 0.8989583333333333 0.19999999999999998 0.010416666666666666 0.03728813559322034
0 0.7385416666666667 0.16864406779661018 0.010416666666666666 0.03559322033898305
0 0.6171875 0.16016949152542373 0.0125 0.0423728813559322
0 0.5041666666666667 0.1864406779661017 0.014583333333333334 0.0576271186440678
0 0.27838541666666666 0.338135593220339 0.033854166666666664 0.12033898305084745
1 0.27239583333333334 0.31864406779661014 0.029166666666666667 0.11186440677966102
