0 0.5010416666666666 0.1847457627118644 0.015625 0.0576271186440678
0 0.6135416666666667 0.15932203389830507 0.010416666666666666 0.04067796610169491
0 0.7359375 0.1694915254237288 0.009375 0.03728813559322034
0 0.89609375 0.19745762711864406 0.0109375 0.03898305084745762
1 0.86875 0.2330508474576271 0.013541666666666667 0.04915254237288135
1 0.7770833333333333 0.24745762711864405 0.017708333333333333 0.06101694915254237
1 0.7002604166666666 0.5050847457627119 0.0421875 0.15254237288135591
0 0.2716145833333333 0.34067796610169493 0.033854166666666664 0.12203389830508474
1 0.26484375 0.3211864406779661 0.027604166666666666 0.1135593220338983
1 0.98203125 0.24406779661016947 0.0140625 0.04745762711864407
