1 0.70078125 0.5084745762711864 0.04114583333333333 0.14915254237288136
1 0.7765625 0.2483050847457627 0.01875 0.05593220338983051
1 0.86875 0.23389830508474577 0.013541666666666667 0.04406779661016949
1 0.9809895833333333 0.24491525423728813 0.011979166666666666 0.0423728813559322
0 0.8953125 0.19915254237288135 0.010416666666666666 0.03559322033898305
0 0.73515625 0.16779661016949152 0.009895833333333333 0.03728813559322034
0 0.6135416666666667 0.15932203389830507 0.011458333333333333 0.04406779661016949
0 0.5013020833333334 0.18559322033898304 0.01614583333333333 0.059322033898305086
0 0.2716145833333333 0.34152542372881356 0.033854166666666664 0.12033898305084745
1 0.26588541666666665 0.3220338983050847 0.0296875 0.11186440677966102
