0 0.4986979166666667 0.1847457627118644 0.015104166666666667 0.06101694915254237
0 0.61171875 0.16101694915254236 0.013020833333333334 0.04406779661016949
0 0.7338541666666667 0.16864406779661018 0.009375 0.03559322033898305
1 0.8666666666666667 0.23389830508474577 0.014583333333333334 0.04745762711864407
1 0.77578125 0.24745762711864405 0.018229166666666668 0.0576271186440678
1 0.7 0.5093220338983051 0.04375 0.15084745762711865
1 0.9796874999999999 0.24491525423728813 0.014583333333333334 0.04576271186440678
0 0.8927083333333333 0.19999999999999998 0.009375 0.03389830508474576
0 0.2674479166666667 0.3440677966101695 0.033854166666666664 0.12203389830508474
1 0.2622395833333333 0.32457627118644067 0.0296875 0.1135593220338983
