0 0.253125 0.34576271186440677 0.03229166666666666 0.1152542372881356
0 0.4895833333333333 0.1847457627118644 0.014583333333333334 0.0576271186440678
0 0.6036458333333333 0.15847457627118644 0.010416666666666666 0.0423728813559322
0 0.7260416666666667 0.1669491525423729 0.008333333333333333 0.03898305084745762
0 0.884375 0.19745762711864406 0.010416666666666666 0.03559322033898305
1 0.9703125 0.2406779661016949 0.0125 0.04406779661016949
1 0.8598958333333333 0.23135593220338982 0.013541666666666667 0.04915254237288135
1 0.7682291666666666 0.24576271186440676 0.016666666666666666 0.0576271186440678
1 0.6942708333333333 0.5169491525423728 0.041666666666666664 0.1559322033898305
1 0.24817708333333333 0.3330508474576271 0.03177083333333333 0.12033898305084745
