0 0.22994791666666667 0.36271186440677966 0.0359375 0.12542372881355932
0 0.47734375 0.1864406779661017 0.015104166666666667 0.06101694915254237
0 0.59296875 0.15932203389830507 0.0109375 0.04406779661016949
0 0.7158854166666666 0.1669491525423729 0.008854166666666666 0.03898305084745762
0 0.87265625 0.1983050847457627 0.009895833333333333 0.03728813559322034
1 0.9575520833333333 0.24237288135593218 0.013020833333333334 0.04406779661016949
1 0.8494791666666667 0.2330508474576271 0.014583333333333334 0.04915254237288135
1 0.76015625 0.24915254237288134 0.018229166666666668 0.06101694915254237
1 0.6903645833333333 0.5389830508474576 0.0453125 0.16271186440677965
1 0.22447916666666667 0.3440677966101695 0.03229166666666666 0.12203389830508474
