0 0.19088541666666667 0.38305084745762713 0.04010416666666666 0.13220338983050847
0 0.45546875 0.1864406779661017 0.015104166666666667 0.06101694915254237
0 0.5734375 0.15762711864406778 0.011458333333333333 0.04745762711864407
0 0.6958333333333333 0.1635593220338983 0.008333333333333333 0.03898305084745762
0 0.8505208333333333 0.1923728813559322 0.008333333333333333 0.03559322033898305
1 0.93359375 0.2347457627118644 0.011979166666666666 0.0423728813559322
1 0.8299479166666667 0.22796610169491524 0.015104166666666667 0.04915254237288135
1 0.7419270833333333 0.24576271186440676 0.0171875 0.06101694915254237
1 0.6768229166666666 0.5610169491525424 0.0453125 0.1694915254237288
1 0.18671875 0.36271186440677966 0.0359375 0.13220338983050847
