0 0.14192708333333334 0.41694915254237286 0.043229166666666666 0.13898305084745763
0 0.43854166666666666 0.19152542372881357 0.015625 0.06440677966101695
0 0.5606770833333333 0.15847457627118644 0.0109375 0.04576271186440678
0 0.6854166666666667 0.16271186440677965 0.008333333333333333 0.03728813559322034
0 0.8401041666666667 0.19152542372881357 0.008333333333333333 0.03728813559322034
1 0.9247395833333333 0.23559322033898306 0.011979166666666666 0.04745762711864407
1 0.821875 0.22966101694915253 0.014583333333333334 0.04915254237288135
1 0.7348958333333333 0.25169491525423726 0.017708333333333333 0.06271186440677966
1 0.6796875 0.6245762711864407 0.052083333333333336 0.19152542372881357
1 0.13802083333333334 0.39576271186440676 0.041666666666666664 0.1440677966101695
