0 0.30963541666666666 0.2889830508474576 0.025520833333333333 0.09661016949152543
0 0.5052083333333334 0.17457627118644067 0.013541666666666667 0.05084745762711864
0 0.6119791666666666 0.15508474576271186 0.010416666666666666 0.0423728813559322
0 0.7299479166666667 0.16440677966101694 0.008854166666666666 0.03728813559322034
0 0.8833333333333333 0.19491525423728814 0.007291666666666667 0.03389830508474576
1 0.9598958333333333 0.2305084745762712 0.011458333333333333 0.04406779661016949
1 0.8507812499999999 0.22288135593220337 0.013020833333333334 0.04576271186440678
1 0.7580729166666667 0.22966101694915253 0.015104166666666667 0.05254237288135593
1 0.66171875 0.4110169491525424 0.03177083333333333 0.12033898305084745
1 0.8901041666666667 0.8932203389830509 0.06666666666666667 0.21016949152542372
