1 0.309375 0.2864406779661017 0.026041666666666668 0.10169491525423728
1 0.5046875 0.1711864406779661 0.013541666666666667 0.05423728813559322
1 0.6114583333333333 0.15338983050847457 0.010416666666666666 0.0423728813559322
1 0.7291666666666666 0.16186440677966102 0.008333333333333333 0.03898305084745762
1 0.8825520833333333 0.1923728813559322 0.009895833333333333 0.03559322033898305
0 0.959375 0.2305084745762712 0.0125 0.04067796610169491
0 0.8505208333333333 0.2194915254237288 0.013541666666666667 0.0423728813559322
0 0.7578125 0.22796610169491524 0.015625 0.05593220338983051
0 0.66171875 0.4101694915254237 0.0328125 0.11864406779661017
0 0.8901041666666667 0.888135593220339 0.06666666666666667 0.21694915254237288
