0 0.27421875 0.5745762711864406 0.050520833333333334 0.20677966101694914
0 0.6263020833333334 0.28389830508474573 0.0234375 0.08644067796610169
0 0.7192708333333333 0.2093220338983051 0.015625 0.04576271186440678
0 0.7979166666666666 0.19152542372881357 0.011458333333333333 0.04406779661016949
0 0.8377604166666667 0.17372881355932202 0.009895833333333333 0.03220338983050847
0 0.8859374999999999 0.18050847457627117 0.00625 0.02542372881355932
1 0.9601562499999999 0.42627118644067796 0.030729166666666665 0.1271186440677966
1 0.95546875 0.3076271186440678 0.0234375 0.06610169491525424
1 0.9322916666666666 0.24322033898305084 0.0125 0.04915254237288135
1 0.96640625 0.22457627118644066 0.013020833333333334 0.03559322033898305
1 0.9958333333333333 0.21101694915254238 0.008333333333333333 0.03898305084745762
