1 0.11666666666666667 0.7533898305084745 0.078125 0.27288135593220336
1 0.5640625 0.2923728813559322 0.01875 0.10338983050847457
1 0.6591145833333333 0.20338983050847456 0.011979166666666666 0.05423728813559322
1 0.73203125 0.17796610169491525 0.0140625 0.04067796610169491
1 0.7705729166666666 0.15932203389830507 0.0078125 0.03389830508474576
1 0.8127604166666667 0.15932203389830507 0.008854166666666666 0.03389830508474576
0 0.9109375 0.4313559322033898 0.035416666666666666 0.13050847457627118
0 0.88828125 0.2889830508474576 0.019270833333333334 0.06949152542372881
0 0.859375 0.22372881355932203 0.013541666666666667 0.04745762711864407
0 0.8880208333333334 0.2076271186440678 0.011458333333333333 0.03898305084745762
0 0.9122395833333333 0.19491525423728814 0.0109375 0.02711864406779661
0 0.9682291666666667 0.19999999999999998 0.011458333333333333 0.03728813559322034
