1 0.5231770833333333 0.31440677966101693 0.0265625 0.10677966101694915
1 0.62265625 0.20169491525423727 0.013020833333333334 0.05423728813559322
1 0.6950520833333333 0.16864406779661018 0.0109375 0.03898305084745762
1 0.7317708333333334 0.15169491525423728 0.011458333333333333 0.0288135593220339
1 0.7713541666666667 0.15084745762711865 0.009375 0.03728813559322034
0 0.8963541666666667 0.4398305084745763 0.03125 0.13050847457627118
0 0.8552083333333333 0.29152542372881357 0.016666666666666666 0.07796610169491525
0 0.821875 0.21610169491525424 0.009375 0.04576271186440678
0 0.8447916666666666 0.1906779661016949 0.009375 0.0423728813559322
0 0.8684895833333334 0.18305084745762712 0.008854166666666666 0.02711864406779661
0 0.9203125 0.18135593220338983 0.005208333333333333 0.03728813559322034
