1 0.47994791666666664 0.3440677966101695 0.027604166666666666 0.12203389830508474
1 0.58671875 0.2059322033898305 0.01614583333333333 0.06610169491525424
1 0.6588541666666666 0.16186440677966102 0.011458333333333333 0.059322033898305086
1 0.6934895833333333 0.1423728813559322 0.008854166666666666 0.03728813559322034
1 0.7309895833333333 0.14067796610169492 0.008854166666666666 0.030508474576271184
0 0.8872395833333333 0.4822033898305085 0.0421875 0.14745762711864407
0 0.8278645833333333 0.288135593220339 0.0234375 0.07457627118644068
0 0.78828125 0.21016949152542372 0.009895833333333333 0.0576271186440678
0 0.80859375 0.18220338983050846 0.0109375 0.0423728813559322
0 0.8278645833333333 0.17288135593220338 0.009895833333333333 0.023728813559322035
0 0.8744791666666667 0.16864406779661018 0.005208333333333333 0.02542372881355932
