1 0.4302083333333333 0.37966101694915255 0.0375 0.13559322033898305
1 0.5494791666666666 0.20338983050847456 0.01875 0.0711864406779661
1 0.6234375 0.15932203389830507 0.01875 0.0576271186440678
1 0.6572916666666666 0.1271186440677966 0.008333333333333333 0.03728813559322034
1 0.6940104166666666 0.12457627118644067 0.008854166666666666 0.02542372881355932
0 0.8841145833333334 0.5110169491525424 0.0453125 0.15084745762711865
0 0.8026041666666667 0.288135593220339 0.021875 0.0711864406779661
0 0.75546875 0.20084745762711864 0.015104166666666667 0.03220338983050847
0 0.7736979166666667 0.17033898305084746 0.009895833333333333 0.03220338983050847
0 0.7908854166666667 0.16864406779661018 0.0078125 0.03559322033898305
0 0.8341145833333333 0.1542372881355932 0.0078125 0.030508474576271184
0 0.8963541666666667 0.17033898305084746 0.00625 0.03220338983050847
