1 0.3677083333333333 0.4449152542372881 0.04479166666666667 0.15762711864406778
1 0.5075520833333333 0.21440677966101696 0.0171875 0.07627118644067796
1 0.5848958333333333 0.15762711864406778 0.015625 0.05423728813559322
1 0.62109375 0.12966101694915255 0.011979166666666666 0.0423728813559322
1 0.6567708333333333 0.12372881355932203 0.00625 0.030508474576271184
0 0.8888020833333333 0.5805084745762712 0.043229166666666666 0.18135593220338983
0 0.7747395833333334 0.2957627118644068 0.022395833333333334 0.06949152542372881
0 0.7190104166666667 0.19999999999999998 0.0109375 0.04745762711864407
0 0.73671875 0.16271186440677965 0.009895833333333333 0.03728813559322034
0 0.7520833333333333 0.1559322033898305 0.007291666666666667 0.03389830508474576
0 0.7919270833333333 0.14915254237288136 0.008854166666666666 0.03389830508474576
0 0.8552083333333333 0.16186440677966102 0.0125 0.03559322033898305
