1 0.29713541666666665 0.5364406779661017 0.05364583333333333 0.211864406779661
1 0.47291666666666665 0.2305084745762712 0.026041666666666668 0.07796610169491525
1 0.5575520833333333 0.16016949152542373 0.01614583333333333 0.05254237288135593
1 0.58984375 0.12627118644067797 0.009895833333333333 0.03559322033898305
1 0.6260416666666666 0.11694915254237288 0.007291666666666667 0.02711864406779661
0 0.7596354166666667 0.3101694915254237 0.021354166666666667 0.08135593220338982
0 0.91796875 0.6644067796610169 0.06302083333333333 0.21694915254237288
0 0.6958333333333333 0.19915254237288135 0.0125 0.04915254237288135
0 0.7080729166666666 0.15932203389830507 0.0109375 0.03389830508474576
0 0.72421875 0.15 0.0109375 0.03220338983050847
0 0.76328125 0.1440677966101695 0.0078125 0.02711864406779661
0 0.8213541666666666 0.14745762711864407 0.004166666666666667 0.02711864406779661
