1 0.22682291666666665 0.6855932203389831 0.06510416666666667 0.24915254237288134
1 0.45651041666666664 0.24322033898305084 0.021354166666666667 0.08983050847457627
1 0.5466145833333333 0.16271186440677965 0.0140625 0.05084745762711864
1 0.58125 0.1313559322033898 0.011458333333333333 0.04576271186440678
1 0.6171875 0.11864406779661017 0.0125 0.030508474576271184
0 0.7723958333333333 0.3347457627118644 0.030208333333333334 0.10338983050847457
0 0.6947916666666667 0.20423728813559322 0.014583333333333334 0.04915254237288135
0 0.7067708333333333 0.1652542372881356 0.008333333333333333 0.04576271186440678
0 0.7205729166666667 0.1440677966101695 0.0078125 0.02711864406779661
0 0.7611979166666667 0.13983050847457626 0.0078125 0.0288135593220339
0 0.81875 0.1440677966101695 0.007291666666666667 0.023728813559322035
