0 0.43723958333333335 0.2677966101694915 0.027604166666666666 0.0983050847457627
0 0.5361979166666666 0.1711864406779661 0.021354166666666667 0.06101694915254237
0 0.5731770833333333 0.13050847457627118 0.013020833333333334 0.04067796610169491
0 0.6078125 0.11864406779661017 0.010416666666666666 0.03389830508474576
1 0.7809895833333333 0.3601694915254237 0.0296875 0.10338983050847457
1 0.6921875 0.20508474576271185 0.0125 0.07457627118644068
1 0.7010416666666667 0.16864406779661018 0.011458333333333333 0.04915254237288135
1 0.7138020833333333 0.14661016949152542 0.0078125 0.03559322033898305
1 0.7544270833333333 0.13898305084745763 0.0109375 0.03389830508474576
1 0.8109375 0.13983050847457626 0.007291666666666667 0.022033898305084745
0 0.6971354166666667 0.11440677966101695 0.0078125 0.03220338983050847
0 0.7541666666666667 0.11186440677966102 0.007291666666666667 0.03728813559322034
0 0.81484375 0.11694915254237288 0.0067708333333333336 0.02711864406779661
0 0.8742187499999999 0.13389830508474576 0.0078125 0.023728813559322035
0 0.9627604166666667 0.1559322033898305 0.008854166666666666 0.030508474576271184
1 0.9786458333333333 0.17627118644067796 0.007291666666666667 0.03389830508474576
1 0.8828125 0.15169491525423728 0.00625 0.03559322033898305
1 0.8986979166666667 0.09576271186440678 0.0046875 0.03559322033898305
