0 0.3989583333333333 0.3 0.028125 0.10508474576271186
0 0.5096354166666667 0.18305084745762712 0.0171875 0.0711864406779661
0 0.5473958333333333 0.1330508474576271 0.00625 0.04576271186440678
0 0.5854166666666667 0.11864406779661017 0.007291666666666667 0.030508474576271184
1 0.78359375 0.3966101694915254 0.027604166666666666 0.12542372881355932
1 0.6763020833333333 0.22372881355932203 0.018229166666666668 0.0711864406779661
1 0.68125 0.17457627118644067 0.008333333333333333 0.04745762711864407
1 0.6942708333333333 0.1483050847457627 0.009375 0.03898305084745762
0 0.675 0.11101694915254237 0.009375 0.03559322033898305
0 0.7299479166666667 0.11610169491525424 0.0078125 0.0288135593220339
0 0.78984375 0.11864406779661017 0.0067708333333333336 0.023728813559322035
0 0.8489583333333334 0.12457627118644067 0.00625 0.0288135593220339
0 0.934375 0.15084745762711865 0.007291666666666667 0.03728813559322034
1 0.7307291666666667 0.14576271186440679 0.009375 0.030508474576271184
1 0.790625 0.14576271186440679 0.009375 0.030508474576271184
1 0.86015625 0.15338983050847457 0.0067708333333333336 0.03220338983050847
1 0.9528645833333333 0.1711864406779661 0.0109375 0.03389830508474576
1 0.8690104166666667 0.09152542372881356 0.005729166666666666 0.03389830508474576
