0 0.3575520833333333 0.3389830508474576 0.03802083333333333 0.12203389830508474
0 0.4825520833333333 0.18983050847457628 0.0203125 0.06779661016949153
0 0.5260416666666666 0.14576271186440679 0.011458333333333333 0.03728813559322034
0 0.5638020833333334 0.12033898305084745 0.013020833333333334 0.030508474576271184
1 0.7911458333333333 0.4389830508474576 0.035416666666666666 0.11864406779661017
1 0.6598958333333333 0.2305084745762712 0.01875 0.07457627118644068
1 0.66484375 0.1771186440677966 0.0109375 0.0423728813559322
1 0.67421875 0.15762711864406778 0.0109375 0.03389830508474576
0 0.6565104166666667 0.1194915254237288 0.0078125 0.03220338983050847
0 0.7098958333333333 0.11271186440677966 0.00625 0.02542372881355932
0 0.7697916666666667 0.11779661016949153 0.007291666666666667 0.0288135593220339
0 0.8276041666666667 0.13050847457627118 0.007291666666666667 0.03389830508474576
0 0.9122395833333333 0.1542372881355932 0.0078125 0.030508474576271184
0 0.9872395833333333 0.16864406779661018 0.009895833333333333 0.04576271186440678
1 0.7106770833333333 0.13898305084745763 0.0078125 0.030508474576271184
1 0.7703125 0.1483050847457627 0.008333333333333333 0.03220338983050847
1 0.8390624999999999 0.15677966101694915 0.007291666666666667 0.03220338983050847
1 0.8466145833333333 0.08559322033898305 0.0078125 0.03220338983050847
1 0.9315104166666667 0.17881355932203388 0.0067708333333333336 0.04576271186440678
