0 0.31536458333333334 0.38728813559322034 0.03697916666666667 0.13389830508474576
0 0.4653645833333333 0.20254237288135593 0.0171875 0.06949152542372881
0 0.5057291666666667 0.1423728813559322 0.014583333333333334 0.05084745762711864
0 0.55 0.12203389830508474 0.008333333333333333 0.03728813559322034
1 0.8119791666666667 0.49745762711864405 0.035416666666666666 0.1440677966101695
1 0.6546875 0.2542372881355932 0.020833333333333332 0.0711864406779661
1 0.6526041666666667 0.18220338983050846 0.010416666666666666 0.03559322033898305
1 0.6625 0.15762711864406778 0.009375 0.04745762711864407
0 0.6427083333333333 0.11694915254237288 0.011458333333333333 0.04406779661016949
0 0.6986979166666667 0.11610169491525424 0.0067708333333333336 0.03220338983050847
0 0.75859375 0.1135593220338983 0.005729166666666666 0.030508474576271184
0 0.8174479166666666 0.13050847457627118 0.0067708333333333336 0.030508474576271184
0 0.9010416666666666 0.15 0.007291666666666667 0.02542372881355932
0 0.9760416666666667 0.1669491525423729 0.00625 0.03898305084745762
1 0.7020833333333333 0.14915254237288136 0.00625 0.030508474576271184
1 0.7604166666666666 0.14661016949152542 0.007291666666666667 0.02542372881355932
1 0.83046875 0.15932203389830507 0.008854166666666666 0.03728813559322034
1 0.83359375 0.08559322033898305 0.0046875 0.03559322033898305
1 0.9229166666666666 0.17966101694915254 0.008333333333333333 0.03728813559322034
