0 0.2630208333333333 0.4567796610169491 0.042708333333333334 0.17457627118644067
0 0.4466145833333333 0.21864406779661016 0.0203125 0.0711864406779661
0 0.49505208333333334 0.1483050847457627 0.011979166666666666 0.05254237288135593
0 0.5390625 0.1271186440677966 0.011458333333333333 0.04745762711864407
1 0.8484375 0.5838983050847457 0.04375 0.1847457627118644
1 0.6520833333333333 0.2669491525423729 0.021875 0.07627118644067796
1 0.6466145833333333 0.1864406779661017 0.0109375 0.06101694915254237
1 0.6572916666666666 0.15762711864406778 0.00625 0.05084745762711864
0 0.6309895833333333 0.11186440677966102 0.0078125 0.03728813559322034
0 0.6893229166666667 0.10847457627118644 0.0078125 0.04067796610169491
0 0.7481770833333333 0.11779661016949153 0.005729166666666666 0.03220338983050847
0 0.8083333333333333 0.1271186440677966 0.00625 0.02711864406779661
0 0.89296875 0.14576271186440679 0.0078125 0.03389830508474576
0 0.9679687499999999 0.17033898305084746 0.0078125 0.03220338983050847
1 0.6919270833333333 0.14745762711864407 0.0078125 0.02711864406779661
1 0.75078125 0.14745762711864407 0.009895833333333333 0.030508474576271184
1 0.8236979166666667 0.15677966101694915 0.0078125 0.03220338983050847
1 0.821875 0.07966101694915254 0.005208333333333333 0.030508474576271184
1 0.915625 0.17457627118644067 0.010416666666666666 0.03728813559322034
