0 0.39609375 0.2635593220338983 0.027604166666666666 0.09999999999999999
0 0.46041666666666664 0.16610169491525423 0.016666666666666666 0.05423728813559322
0 0.5080729166666667 0.13050847457627118 0.009895833333333333 0.030508474576271184
1 0.65546875 0.3271186440677966 0.027604166666666666 0.09491525423728814
1 0.6354166666666666 0.211864406779661 0.015625 0.06101694915254237
1 0.6440104166666667 0.17372881355932202 0.013020833333333334 0.05593220338983051
0 0.6114583333333333 0.11610169491525424 0.008333333333333333 0.0423728813559322
0 0.6697916666666667 0.11271186440677966 0.008333333333333333 0.03559322033898305
0 0.7322916666666667 0.11864406779661017 0.007291666666666667 0.03728813559322034
0 0.7927083333333333 0.12542372881355932 0.00625 0.030508474576271184
0 0.8799479166666666 0.15084745762711865 0.008854166666666666 0.02711864406779661
0 0.95859375 0.16610169491525423 0.009895833333333333 0.04067796610169491
1 0.67734375 0.15084745762711865 0.008854166666666666 0.04406779661016949
1 0.74140625 0.14745762711864407 0.0078125 0.030508474576271184
1 0.81328125 0.1559322033898305 0.0067708333333333336 0.030508474576271184
1 0.80234375 0.07881355932203389 0.005729166666666666 0.03898305084745762
1 0.9106770833333333 0.17881355932203388 0.009895833333333333 0.04576271186440678
