0 0.37421875 0.28983050847457625 0.030729166666666665 0.10847457627118644
0 0.44609375 0.17203389830508475 0.019270833333333334 0.05593220338983051
0 0.49895833333333334 0.13050847457627118 0.010416666666666666 0.04406779661016949
1 0.6625 0.35847457627118645 0.034375 0.10677966101694915
1 0.6356770833333333 0.21864406779661016 0.015104166666666667 0.06101694915254237
1 0.6385416666666667 0.17457627118644067 0.0125 0.05423728813559322
1 0.6760416666666667 0.15084745762711865 0.009375 0.03728813559322034
1 0.7372395833333333 0.15 0.005729166666666666 0.0288135593220339
0 0.60625 0.11610169491525424 0.007291666666666667 0.03898305084745762
0 0.66640625 0.11864406779661017 0.0046875 0.03389830508474576
0 0.7296875 0.1152542372881356 0.00625 0.030508474576271184
0 0.7908854166666667 0.12542372881355932 0.005729166666666666 0.030508474576271184
0 0.8802083333333334 0.15254237288135591 0.008333333333333333 0.030508474576271184
0 0.9598958333333333 0.17033898305084746 0.007291666666666667 0.0423728813559322
1 0.8127604166666667 0.16186440677966102 0.0078125 0.03220338983050847
1 0.80078125 0.0771186440677966 0.0046875 0.03220338983050847
1 0.9135416666666667 0.18220338983050846 0.009375 0.0423728813559322
