1 0.34609375 0.3220338983050847 0.03177083333333333 0.1152542372881356
1 0.43359375 0.17966101694915254 0.0171875 0.0711864406779661
1 0.49244791666666665 0.13983050847457626 0.009895833333333333 0.0423728813559322
0 0.6744791666666666 0.411864406779661 0.030208333333333334 0.13898305084745763
0 0.6375 0.23220338983050848 0.016666666666666666 0.0576271186440678
0 0.6372395833333333 0.17627118644067796 0.013020833333333334 0.05423728813559322
0 0.675 0.15 0.00625 0.03898305084745762
1 0.6651041666666666 0.11694915254237288 0.003125 0.020338983050847456
1 0.60234375 0.11694915254237288 0.008854166666666666 0.02711864406779661
0 0.73828125 0.14661016949152542 0.005729166666666666 0.0288135593220339
1 0.7270833333333333 0.11694915254237288 0.005208333333333333 0.020338983050847456
0 0.8158854166666667 0.1652542372881356 0.005729166666666666 0.03898305084745762
1 0.7888020833333333 0.1330508474576271 0.0026041666666666665 0.02542372881355932
