0 0.4627604166666667 0.29745762711864404 0.0328125 0.09999999999999999
0 0.14427083333333332 0.8194915254237288 0.09375 0.3271186440677966
1 0.8229166666666666 0.43813559322033896 0.035416666666666666 0.1271186440677966
0 0.66484375 0.18898305084745762 0.0171875 0.04915254237288135
0 0.7484375 0.17288135593220338 0.013541666666666667 0.04406779661016949
0 0.8395833333333333 0.18050847457627117 0.009375 0.0423728813559322
1 0.8174479166666666 0.27796610169491526 0.015104166666666667 0.07457627118644068
1 0.9015624999999999 0.24661016949152542 0.014583333333333334 0.05593220338983051
0 0.9278645833333333 0.18559322033898304 0.0109375 0.0423728813559322
1 0.896875 0.09745762711864407 0.008333333333333333 0.05593220338983051
