0 0.334375 0.4542372881355932 0.04479166666666667 0.16610169491525423
0 0.6088541666666667 0.2059322033898305 0.016666666666666666 0.06949152542372881
0 0.7010416666666667 0.17796610169491525 0.014583333333333334 0.0576271186440678
0 0.7880208333333333 0.16610169491525423 0.011458333333333333 0.04745762711864407
0 0.8752604166666667 0.17627118644067796 0.0109375 0.04745762711864407
1 0.8778645833333333 0.261864406779661 0.021354166666666667 0.07288135593220339
1 0.803125 0.3169491525423729 0.022916666666666665 0.08813559322033898
1 0.9005208333333333 0.6694915254237288 0.06145833333333333 0.21016949152542372
1 0.8322916666666667 0.08728813559322034 0.00625 0.03220338983050847
1 0.9921875 0.25508474576271184 0.015625 0.07288135593220339
