0 0.29296875 0.5161016949152543 0.0484375 0.188135593220339
0 0.5963541666666666 0.21271186440677967 0.017708333333333333 0.07288135593220339
0 0.6911458333333333 0.17881355932203388 0.013541666666666667 0.05593220338983051
0 0.778125 0.16779661016949152 0.0125 0.04745762711864407
0 0.8653645833333333 0.17372881355932202 0.0109375 0.0423728813559322
1 0.98984375 0.2593220338983051 0.019270833333333334 0.06779661016949153
1 0.8752604166666667 0.2669491525423729 0.021354166666666667 0.07288135593220339
1 0.803125 0.33220338983050846 0.02395833333333333 0.09491525423728814
1 0.9403645833333333 0.7661016949152543 0.0703125 0.24406779661016947
1 0.8182291666666667 0.07966101694915254 0.009375 0.04745762711864407
