0 0.2359375 0.6093220338983051 0.058333333333333334 0.21864406779661016
0 0.5848958333333333 0.22542372881355932 0.016666666666666666 0.07457627118644068
0 0.6815104166666667 0.18728813559322033 0.01614583333333333 0.059322033898305086
0 0.7700520833333333 0.17288135593220338 0.013020833333333334 0.04745762711864407
0 0.8565104166666666 0.17796610169491525 0.011979166666666666 0.04406779661016949
1 0.98828125 0.26864406779661015 0.0203125 0.06610169491525424
1 0.8742187499999999 0.2788135593220339 0.022395833333333334 0.07288135593220339
1 0.80625 0.35677966101694913 0.025 0.10338983050847457
1 0.8052083333333333 0.08220338983050847 0.007291666666666667 0.05593220338983051
1 0.98046875 0.9203389830508474 0.0390625 0.15932203389830507
