0 0.42473958333333334 0.2076271186440678 0.0171875 0.07627118644067796
0 0.5346354166666667 0.15169491525423728 0.013020833333333334 0.05254237288135593
0 0.5984375 0.13050847457627118 0.009375 0.04067796610169491
0 0.6729166666666666 0.1288135593220339 0.010416666666666666 0.03728813559322034
1 0.6481770833333333 0.3101694915254237 0.022395833333333334 0.09152542372881356
1 0.6971354166666667 0.22288135593220337 0.019270833333333334 0.06610169491525424
1 0.7809895833333333 0.20338983050847456 0.015104166666666667 0.05084745762711864
1 0.9182291666666667 0.22372881355932203 0.014583333333333334 0.05084745762711864
0 0.7875 0.15169491525423728 0.010416666666666666 0.03898305084745762
0 0.8908854166666667 0.1754237288135593 0.011979166666666666 0.0423728813559322
2 0.6169270833333333 0.03898305084745762 0.0067708333333333336 0.02711864406779661
1 0.6236979166666666 0.04745762711864407 0.005729166666666666 0.023728813559322035
1 0.8736979166666666 0.847457627118644 0.06927083333333334 0.2576271186440678
