1 0.40625 0.22966101694915253 0.014583333333333334 0.07966101694915254
1 0.5236979166666667 0.16186440677966102 0.011979166666666666 0.04915254237288135
1 0.5916666666666667 0.14152542372881355 0.011458333333333333 0.05593220338983051
1 0.6671875 0.13813559322033897 0.009375 0.05593220338983051
1 0.89296875 0.18389830508474575 0.0109375 0.04576271186440678
1 0.78671875 0.16016949152542373 0.0109375 0.04576271186440678
0 0.6513020833333333 0.3432203389830508 0.028645833333333332 0.09999999999999999
0 0.6994791666666667 0.24322033898305084 0.01875 0.06610169491525424
0 0.78515625 0.21525423728813559 0.01614583333333333 0.06440677966101695
0 0.928125 0.24322033898305084 0.016666666666666666 0.06610169491525424
