1 0.41328125 0.24661016949152542 0.022395833333333334 0.08644067796610169
1 0.5401041666666666 0.17372881355932202 0.014583333333333334 0.05254237288135593
1 0.61015625 0.14491525423728813 0.0109375 0.05593220338983051
1 0.6901041666666666 0.1483050847457627 0.008333333333333333 0.04915254237288135
1 0.81484375 0.1635593220338983 0.009895833333333333 0.04576271186440678
1 0.9286458333333333 0.19491525423728814 0.011458333333333333 0.0576271186440678
0 0.68359375 0.38813559322033897 0.0296875 0.1152542372881356
0 0.7294270833333333 0.2635593220338983 0.0171875 0.07966101694915254
0 0.8195312499999999 0.2364406779661017 0.019270833333333334 0.07966101694915254
0 0.9747395833333333 0.25508474576271184 0.0171875 0.06271186440677966
