0 0.43984375 0.27627118644067794 0.0203125 0.09152542372881356
0 0.578125 0.19152542372881357 0.013541666666666667 0.06440677966101695
0 0.6520833333333333 0.16610169491525423 0.0125 0.05084745762711864
0 0.7364583333333333 0.1635593220338983 0.0125 0.04576271186440678
0 0.8734375 0.1906779661016949 0.0125 0.04576271186440678
1 0.7502604166666667 0.46779661016949153 0.03697916666666667 0.13898305084745763
1 0.7901041666666666 0.30338983050847457 0.025 0.08813559322033898
1 0.8864583333333333 0.2661016949152542 0.020833333333333332 0.06779661016949153
2 0.6661458333333333 0.05677966101694915 0.007291666666666667 0.03220338983050847
1 0.6739583333333333 0.06610169491525424 0.005208333333333333 0.02711864406779661
