0 0.41510416666666666 0.3076271186440678 0.02395833333333333 0.10338983050847457
0 0.5692708333333333 0.19915254237288135 0.01875 0.06610169491525424
0 0.6463541666666667 0.1694915254237288 0.0125 0.05423728813559322
0 0.73359375 0.16440677966101694 0.0140625 0.04745762711864407
0 0.8739583333333333 0.19152542372881357 0.014583333333333334 0.04745762711864407
1 0.7776041666666667 0.5449152542372881 0.042708333333333334 0.16440677966101694
1 0.8033854166666666 0.32372881355932204 0.0265625 0.09152542372881356
1 0.8994791666666666 0.2788135593220339 0.022916666666666665 0.07627118644067796
1 0.6645833333333333 0.060169491525423724 0.005208333333333333 0.0288135593220339
2 0.65703125 0.051694915254237285 0.008854166666666666 0.03220338983050847
