0 0.371875 0.36101694915254234 0.029166666666666667 0.11864406779661017
0 0.5486979166666667 0.21694915254237288 0.018229166666666668 0.07457627118644068
0 0.6307291666666667 0.1754237288135593 0.014583333333333334 0.059322033898305086
0 0.72109375 0.1711864406779661 0.015104166666666667 0.05084745762711864
0 0.8653645833333333 0.19745762711864406 0.0140625 0.04915254237288135
1 0.9057291666666667 0.3 0.026041666666666668 0.08135593220338982
1 0.8111979166666666 0.36101694915254234 0.0296875 0.10169491525423728
1 0.8138020833333334 0.6711864406779661 0.0546875 0.21016949152542372
1 0.64609375 0.06101694915254237 0.0067708333333333336 0.02711864406779661
2 0.63828125 0.05084745762711864 0.0078125 0.03389830508474576
