0 0.31614583333333335 0.4525423728813559 0.0375 0.14915254237288136
0 0.5328125 0.24745762711864405 0.019791666666666666 0.07796610169491525
0 0.62109375 0.1983050847457627 0.0140625 0.06101694915254237
0 0.715625 0.1864406779661017 0.014583333333333334 0.05423728813559322
0 0.8661458333333333 0.21016949152542372 0.015625 0.05084745762711864
1 0.9265625 0.33220338983050846 0.027083333333333334 0.08813559322033898
1 0.8375 0.42033898305084744 0.03333333333333333 0.12203389830508474
1 0.9015624999999999 0.8991525423728813 0.08125 0.20169491525423727
1 0.6322916666666667 0.06864406779661017 0.00625 0.02542372881355932
2 0.6239583333333333 0.059322033898305086 0.007291666666666667 0.03389830508474576
