0 0.2791666666666667 0.38728813559322034 0.03125 0.14067796610169492
0 0.5080729166666667 0.23135593220338982 0.0171875 0.06949152542372881
0 0.5916666666666667 0.1847457627118644 0.013541666666666667 0.05084745762711864
0 0.665625 0.15508474576271186 0.010416666666666666 0.03559322033898305
0 0.7075520833333333 0.13644067796610168 0.009895833333333333 0.03559322033898305
0 0.7770833333333333 0.13813559322033897 0.007291666666666667 0.0288135593220339
1 0.8171875 0.17033898305084746 0.009375 0.03559322033898305
1 0.8 0.19406779661016949 0.011458333333333333 0.0423728813559322
1 0.7796875 0.2406779661016949 0.015625 0.06101694915254237
1 0.765625 0.3330508474576271 0.021875 0.09322033898305085
1 0.8585937499999999 0.16271186440677965 0.008854166666666666 0.030508474576271184
0 0.8739583333333333 0.14576271186440679 0.007291666666666667 0.023728813559322035
1 0.9513020833333333 0.17203389830508475 0.005729166666666666 0.02542372881355932
1 0.8299479166666667 0.638135593220339 0.04739583333333333 0.211864406779661
