1 0.1984375 0.5076271186440677 0.04583333333333333 0.188135593220339
1 0.5015625 0.26864406779661015 0.022916666666666665 0.08644067796610169
1 0.5934895833333333 0.19576271186440677 0.01614583333333333 0.059322033898305086
1 0.67109375 0.16186440677966102 0.011979166666666666 0.04576271186440678
1 0.7122395833333334 0.14576271186440679 0.009895833333333333 0.03728813559322034
0 0.96484375 0.8898305084745762 0.06927083333333334 0.18983050847457628
0 0.8067708333333333 0.3923728813559322 0.027083333333333334 0.10338983050847457
0 0.8046875 0.2661016949152542 0.016666666666666666 0.06440677966101695
0 0.81640625 0.20508474576271185 0.013020833333333334 0.04406779661016949
0 0.8315104166666667 0.17966101694915254 0.009895833333333333 0.03389830508474576
