1 0.1484375 0.5940677966101695 0.05416666666666667 0.22203389830508474
1 0.49453125 0.2889830508474576 0.0234375 0.09322033898305085
1 0.5916666666666667 0.21101694915254238 0.015625 0.059322033898305086
1 0.66953125 0.1711864406779661 0.0109375 0.04745762711864407
1 0.7106770833333333 0.15254237288135591 0.008854166666666666 0.03389830508474576
0 0.8236979166666667 0.4279661016949152 0.030729166666666665 0.1135593220338983
0 0.8109375 0.28135593220338984 0.019791666666666666 0.06440677966101695
0 0.8190104166666666 0.21271186440677967 0.013020833333333334 0.04915254237288135
0 0.8317708333333333 0.18220338983050846 0.009375 0.03898305084745762
0 0.8716145833333333 0.17627118644067796 0.0078125 0.03389830508474576
