0 0.055989583333333336 0.7169491525423729 0.0703125 0.2406779661016949
0 0.4817708333333333 0.3076271186440678 0.022916666666666665 0.09999999999999999
0 0.5833333333333334 0.21525423728813559 0.016666666666666666 0.06101694915254237
0 0.66328125 0.17457627118644067 0.009895833333333333 0.04067796610169491
0 0.70546875 0.15169491525423728 0.008854166666666666 0.03220338983050847
1 0.84140625 0.4661016949152542 0.030729166666666665 0.11864406779661017
1 0.8153645833333333 0.2923728813559322 0.021354166666666667 0.06610169491525424
1 0.8169270833333333 0.2194915254237288 0.013020833333333334 0.04576271186440678
1 0.8283854166666667 0.188135593220339 0.0078125 0.03728813559322034
1 0.8674479166666667 0.1771186440677966 0.008854166666666666 0.03559322033898305
0 0.7770833333333333 0.14576271186440679 0.009375 0.03389830508474576
0 0.8760416666666666 0.14915254237288136 0.007291666666666667 0.030508474576271184
1 0.9619791666666666 0.18050847457627117 0.008333333333333333 0.03220338983050847
