1 0.4630208333333333 0.3313559322033898 0.030208333333333334 0.09999999999999999
1 0.5723958333333333 0.22203389830508474 0.017708333333333333 0.06440677966101695
1 0.6541666666666667 0.17203389830508475 0.0125 0.04915254237288135
1 0.69609375 0.15169491525423728 0.008854166666666666 0.03898305084745762
0 0.859375 0.5076271186440677 0.035416666666666666 0.14067796610169492
0 0.8166666666666667 0.30254237288135594 0.021875 0.07627118644067796
0 0.8153645833333333 0.22203389830508474 0.0140625 0.05084745762711864
0 0.8221354166666667 0.18559322033898304 0.0109375 0.03559322033898305
0 0.8596354166666667 0.17457627118644067 0.009895833333333333 0.03728813559322034
1 0.76796875 0.14322033898305084 0.008854166666666666 0.03220338983050847
