0 0.4393229166666667 0.36186440677966103 0.033854166666666664 0.11694915254237288
0 0.5596354166666666 0.2305084745762712 0.0203125 0.0711864406779661
0 0.6419270833333334 0.17457627118644067 0.013020833333333334 0.04406779661016949
0 0.6830729166666667 0.1483050847457627 0.011979166666666666 0.03898305084745762
0 0.7536458333333333 0.1423728813559322 0.007291666666666667 0.02711864406779661
0 0.8510416666666667 0.14322033898305084 0.00625 0.02542372881355932
1 0.8794270833333333 0.5584745762711865 0.043229166666666666 0.1542372881355932
1 0.8143229166666667 0.3093220338983051 0.022395833333333334 0.07966101694915254
1 0.8059895833333334 0.22203389830508474 0.01614583333333333 0.05084745762711864
1 0.8109375 0.1847457627118644 0.008333333333333333 0.03728813559322034
1 0.8466145833333333 0.17203389830508475 0.009895833333333333 0.03220338983050847
1 0.93828125 0.1754237288135593 0.009895833333333333 0.0288135593220339
1 0.98828125 0.17796610169491525 0.0078125 0.030508474576271184
