0 0.41328125 0.4025423728813559 0.03697916666666667 0.14067796610169492
0 0.5440104166666666 0.23728813559322035 0.021354166666666667 0.07457627118644068
1 0.8153645833333333 0.3228813559322034 0.024479166666666666 0.07966101694915254
1 0.90859375 0.623728813559322 0.049479166666666664 0.17966101694915254
0 0.62890625 0.1754237288135593 0.013020833333333334 0.04915254237288135
0 0.67109375 0.14661016949152542 0.011979166666666666 0.03898305084745762
0 0.7419270833333333 0.13813559322033897 0.0078125 0.03220338983050847
0 0.8377604166666667 0.13813559322033897 0.0078125 0.02542372881355932
1 0.7979166666666666 0.22372881355932203 0.013541666666666667 0.05084745762711864
1 0.8010416666666667 0.18135593220338983 0.008333333333333333 0.03728813559322034
1 0.8364583333333333 0.16864406779661018 0.008333333333333333 0.03559322033898305
1 0.9255208333333333 0.1711864406779661 0.008333333333333333 0.03389830508474576
1 0.97421875 0.17203389830508475 0.008854166666666666 0.03220338983050847
