0 0.3736979166666667 0.44661016949152543 0.04010416666666666 0.1542372881355932
0 0.5221354166666666 0.24915254237288134 0.024479166666666666 0.07796610169491525
0 0.6106770833333334 0.1754237288135593 0.0140625 0.05254237288135593
0 0.6515625 0.14491525423728813 0.010416666666666666 0.03898305084745762
0 0.7223958333333333 0.1347457627118644 0.007291666666666667 0.03220338983050847
0 0.8169270833333333 0.1347457627118644 0.005729166666666666 0.02542372881355932
1 0.9403645833333333 0.7110169491525423 0.06302083333333333 0.211864406779661
1 0.80859375 0.3338983050847458 0.024479166666666666 0.09152542372881356
1 0.784375 0.22288135593220337 0.015625 0.05254237288135593
1 0.7846354166666667 0.17966101694915254 0.0109375 0.03728813559322034
1 0.8166666666666667 0.16440677966101694 0.008333333333333333 0.030508474576271184
1 0.9044270833333333 0.1635593220338983 0.0078125 0.0288135593220339
1 0.9497395833333333 0.16610169491525423 0.0078125 0.030508474576271184
