1 0.3203125 0.5245762711864407 0.05 0.1847457627118644
1 0.49505208333333334 0.26440677966101694 0.0234375 0.0847457627118644
1 0.58828125 0.1771186440677966 0.0140625 0.05254237288135593
1 0.6294270833333333 0.14322033898305084 0.009895833333333333 0.03898305084745762
1 0.7013020833333333 0.1288135593220339 0.008854166666666666 0.03389830508474576
1 0.7940104166666666 0.12627118644067797 0.0067708333333333336 0.0288135593220339
0 0.803125 0.3483050847457627 0.028125 0.09322033898305085
0 0.7690104166666667 0.22627118644067795 0.0171875 0.059322033898305086
0 0.7645833333333333 0.17881355932203388 0.009375 0.03898305084745762
0 0.7963541666666667 0.16101694915254236 0.010416666666666666 0.03389830508474576
0 0.88125 0.15932203389830507 0.008333333333333333 0.030508474576271184
0 0.9249999999999999 0.15677966101694915 0.008333333333333333 0.0288135593220339
