1 0.2598958333333333 0.6305084745762711 0.06145833333333333 0.21016949152542372
1 0.47369791666666666 0.28389830508474573 0.025520833333333333 0.09322033898305085
1 0.571875 0.18728813559322033 0.013541666666666667 0.05254237288135593
1 0.6143229166666666 0.14745762711864407 0.011979166666666666 0.04406779661016949
1 0.6864583333333333 0.13050847457627118 0.009375 0.03389830508474576
1 0.7786458333333334 0.1271186440677966 0.00625 0.030508474576271184
0 0.80625 0.37796610169491524 0.029166666666666667 0.10508474576271186
0 0.7604166666666666 0.23135593220338982 0.017708333333333333 0.059322033898305086
0 0.7541666666666667 0.18050847457627117 0.011458333333333333 0.04576271186440678
0 0.7841145833333333 0.16016949152542373 0.009895833333333333 0.0423728813559322
0 0.8677083333333333 0.15932203389830507 0.007291666666666667 0.03389830508474576
0 0.9096354166666667 0.16016949152542373 0.0067708333333333336 0.0288135593220339
1 0.98671875 0.1559322033898305 0.005729166666666666 0.023728813559322035
