1 0.184375 0.7813559322033898 0.07708333333333334 0.2576271186440678
1 0.4557291666666667 0.3101694915254237 0.027083333333333334 0.0983050847457627
1 0.56171875 0.19491525423728814 0.0140625 0.05423728813559322
1 0.6044270833333333 0.15169491525423728 0.0109375 0.0423728813559322
1 0.67734375 0.1347457627118644 0.0078125 0.03559322033898305
1 0.7705729166666666 0.13220338983050847 0.0067708333333333336 0.02711864406779661
1 0.9765625 0.15932203389830507 0.00625 0.02711864406779661
0 0.8192708333333333 0.4110169491525424 0.030208333333333334 0.1135593220338983
0 0.7588541666666666 0.24152542372881355 0.016666666666666666 0.06271186440677966
0 0.7486979166666666 0.18983050847457628 0.0109375 0.04406779661016949
0 0.7770833333333333 0.16779661016949152 0.010416666666666666 0.03728813559322034
0 0.8609375 0.16440677966101694 0.008333333333333333 0.03728813559322034
0 0.9015624999999999 0.16101694915254236 0.008333333333333333 0.030508474576271184
