1 0.42421875 0.34152542372881356 0.033854166666666664 0.1135593220338983
1 0.5395833333333333 0.20254237288135593 0.016666666666666666 0.06610169491525424
1 0.5830729166666666 0.1559322033898305 0.0109375 0.04406779661016949
1 0.6567708333333333 0.13813559322033897 0.008333333333333333 0.03898305084745762
1 0.7489583333333333 0.12966101694915255 0.00625 0.0288135593220339
1 0.9502604166666666 0.15508474576271186 0.005729166666666666 0.022033898305084745
0 0.8239583333333333 0.4491525423728813 0.03333333333333333 0.12542372881355932
0 0.7463541666666667 0.25169491525423726 0.017708333333333333 0.06271186440677966
0 0.7317708333333334 0.1923728813559322 0.011458333333333333 0.04576271186440678
0 0.7591145833333334 0.16440677966101694 0.0109375 0.04067796610169491
0 0.8401041666666667 0.16186440677966102 0.008333333333333333 0.03559322033898305
0 0.8794270833333333 0.16016949152542373 0.0078125 0.03220338983050847
