0 0.3888020833333333 0.3805084745762712 0.034895833333333334 0.12372881355932203
0 0.5190104166666667 0.211864406779661 0.0171875 0.06440677966101695
0 0.5643229166666667 0.15932203389830507 0.011979166666666666 0.04745762711864407
0 0.6395833333333333 0.13898305084745763 0.009375 0.03728813559322034
0 0.7322916666666667 0.12966101694915255 0.007291666666666667 0.0288135593220339
0 0.9286458333333333 0.1542372881355932 0.005208333333333333 0.023728813559322035
1 0.8351562499999999 0.4983050847457627 0.0359375 0.13898305084745763
1 0.73671875 0.2635593220338983 0.018229166666666668 0.06949152542372881
1 0.7184895833333333 0.19745762711864406 0.013020833333333334 0.04915254237288135
1 0.7432291666666666 0.16779661016949152 0.011458333333333333 0.04067796610169491
1 0.8236979166666667 0.16271186440677965 0.008854166666666666 0.03389830508474576
1 0.8624999999999999 0.15932203389830507 0.007291666666666667 0.030508474576271184
