1 0.3494791666666667 0.4228813559322034 0.03854166666666667 0.14745762711864407
1 0.49765624999999997 0.21440677966101696 0.019270833333333334 0.06949152542372881
1 0.5450520833333333 0.1542372881355932 0.011979166666666666 0.05084745762711864
1 0.6223958333333334 0.12966101694915255 0.009375 0.03898305084745762
1 0.7151041666666667 0.12118644067796609 0.008333333333333333 0.03220338983050847
1 0.9093749999999999 0.14661016949152542 0.00625 0.0288135593220339
0 0.8520833333333333 0.5499999999999999 0.040625 0.16101694915254236
0 0.7286458333333333 0.26864406779661015 0.019791666666666666 0.07288135593220339
0 0.7052083333333333 0.19491525423728814 0.011458333333333333 0.05084745762711864
0 0.72890625 0.16101694915254236 0.0109375 0.04406779661016949
0 0.80859375 0.15508474576271186 0.008854166666666666 0.03559322033898305
0 0.8458333333333333 0.15254237288135591 0.008333333333333333 0.03389830508474576
