0 0.2981770833333333 0.49745762711864405 0.04739583333333333 0.1711864406779661
0 0.4752604166666667 0.22796610169491524 0.0203125 0.07288135593220339
0 0.5263020833333333 0.16101694915254236 0.0140625 0.05084745762711864
0 0.6049479166666667 0.13220338983050847 0.008854166666666666 0.03728813559322034
0 0.6989583333333333 0.12118644067796609 0.00625 0.0288135593220339
0 0.8916666666666666 0.14491525423728813 0.007291666666666667 0.03220338983050847
1 0.8838541666666666 0.635593220338983 0.046875 0.18983050847457628
1 0.72109375 0.2847457627118644 0.022395833333333334 0.07796610169491525
1 0.69296875 0.19999999999999998 0.0140625 0.05423728813559322
1 0.715625 0.16440677966101694 0.0125 0.04406779661016949
1 0.7942708333333334 0.15677966101694915 0.008333333333333333 0.03220338983050847
1 0.83046875 0.15254237288135591 0.008854166666666666 0.03389830508474576
