0 0.22916666666666666 0.5957627118644068 0.057291666666666664 0.21525423728813559
0 0.45026041666666666 0.2406779661016949 0.0234375 0.08135593220338982
0 0.5052083333333334 0.16101694915254236 0.013541666666666667 0.05084745762711864
0 0.5880208333333333 0.12966101694915255 0.008333333333333333 0.0423728813559322
0 0.6825520833333333 0.11694915254237288 0.0067708333333333336 0.03389830508474576
0 0.8736979166666666 0.13898305084745763 0.0067708333333333336 0.023728813559322035
1 0.9276041666666667 0.7466101694915254 0.057291666666666664 0.2288135593220339
1 0.7153645833333333 0.29491525423728815 0.022395833333333334 0.08135593220338982
1 0.6807291666666666 0.19999999999999998 0.013541666666666667 0.05423728813559322
1 0.7015625 0.16186440677966102 0.011458333333333333 0.0423728813559322
1 0.7799479166666666 0.15254237288135591 0.0078125 0.03389830508474576
1 0.8151041666666666 0.1483050847457627 0.008333333333333333 0.03220338983050847
0 0.9869791666666666 0.15762711864406778 0.007291666666666667 0.02711864406779661
