1 0.1296875 0.7576271186440677 0.07916666666666666 0.2745762711864407
1 0.4244791666666667 0.25677966101694916 0.022916666666666665 0.08305084745762711
1 0.4861979166666667 0.1669491525423729 0.0140625 0.059322033898305086
1 0.571875 0.1313559322033898 0.010416666666666666 0.04576271186440678
1 0.66875 0.11610169491525424 0.007291666666666667 0.03220338983050847
1 0.8588541666666667 0.13898305084745763 0.007291666666666667 0.030508474576271184
0 0.7127604166666667 0.3169491525423729 0.024479166666666666 0.09152542372881356
0 0.6700520833333333 0.20847457627118643 0.0140625 0.0576271186440678
0 0.6901041666666666 0.16440677966101694 0.0125 0.04745762711864407
0 0.7671875 0.15254237288135591 0.008333333333333333 0.03389830508474576
0 0.8026041666666667 0.14745762711864407 0.007291666666666667 0.03389830508474576
