1 0.3963541666666667 0.2805084745762712 0.028125 0.09322033898305085
1 0.46458333333333335 0.17627118644067796 0.016666666666666666 0.06101694915254237
1 0.5552083333333333 0.13389830508474576 0.011458333333333333 0.04406779661016949
1 0.6541666666666667 0.11779661016949153 0.008333333333333333 0.03559322033898305
1 0.84453125 0.13813559322033897 0.0067708333333333336 0.0288135593220339
1 0.953125 0.15847457627118644 0.008333333333333333 0.0288135593220339
0 0.7127604166666667 0.34491525423728814 0.027604166666666666 0.09999999999999999
0 0.6606770833333333 0.2194915254237288 0.015104166666666667 0.059322033898305086
0 0.6783854166666666 0.16864406779661018 0.011979166666666666 0.04576271186440678
0 0.7567708333333333 0.1542372881355932 0.009375 0.03728813559322034
0 0.790625 0.15 0.008333333333333333 0.03220338983050847
0 0.9799479166666667 0.18135593220338983 0.0078125 0.030508474576271184
