1 0.3609375 0.31610169491525425 0.030208333333333334 0.10677966101694915
1 0.44166666666666665 0.1864406779661017 0.017708333333333333 0.06440677966101695
1 0.5385416666666667 0.13813559322033897 0.011458333333333333 0.04576271186440678
1 0.6403645833333333 0.11864406779661017 0.008854166666666666 0.03728813559322034
1 0.8309895833333333 0.1347457627118644 0.005729166666666666 0.02542372881355932
1 0.9388020833333334 0.16016949152542373 0.0067708333333333336 0.02542372881355932
0 0.715625 0.3805084745762712 0.03125 0.1135593220338983
0 0.6515625 0.2305084745762712 0.016666666666666666 0.06440677966101695
0 0.6674479166666667 0.17372881355932202 0.011979166666666666 0.04915254237288135
0 0.74609375 0.15677966101694915 0.0078125 0.03559322033898305
0 0.7791666666666667 0.15 0.009375 0.03220338983050847
0 0.9677083333333333 0.18389830508474575 0.009375 0.03220338983050847
