1 0.31979166666666664 0.3601694915254237 0.03333333333333333 0.12372881355932203
1 0.4171875 0.20169491525423727 0.017708333333333333 0.0711864406779661
1 0.5221354166666666 0.1440677966101695 0.011979166666666666 0.05084745762711864
1 0.6268229166666667 0.12288135593220338 0.008854166666666666 0.03559322033898305
1 0.8184895833333333 0.13983050847457626 0.0067708333333333336 0.02542372881355932
1 0.9255208333333333 0.16101694915254236 0.007291666666666667 0.02711864406779661
0 0.7231770833333333 0.43050847457627117 0.034895833333333334 0.12542372881355932
0 0.6440104166666667 0.24661016949152542 0.0171875 0.07288135593220339
0 0.6575520833333334 0.18305084745762712 0.015104166666666667 0.05423728813559322
0 0.7364583333333333 0.16186440677966102 0.010416666666666666 0.0423728813559322
0 0.76875 0.1542372881355932 0.009375 0.03389830508474576
0 0.9567708333333333 0.18728813559322033 0.009375 0.03220338983050847
