0 0.27447916666666666 0.4228813559322034 0.041666666666666664 0.14745762711864407
0 0.3963541666666667 0.22118644067796608 0.020833333333333332 0.07288135593220339
0 0.5098958333333333 0.15338983050847457 0.013541666666666667 0.04915254237288135
0 0.61796875 0.1271186440677966 0.009895833333333333 0.03728813559322034
0 0.81328125 0.14322033898305084 0.0067708333333333336 0.0288135593220339
0 0.9205729166666666 0.1635593220338983 0.0067708333333333336 0.0288135593220339
1 0.7421875 0.49745762711864405 0.041666666666666664 0.14745762711864407
1 0.6424479166666667 0.2677966101694915 0.019270833333333334 0.07457627118644068
1 0.6533854166666666 0.19322033898305085 0.01614583333333333 0.05423728813559322
1 0.7328125 0.1694915254237288 0.010416666666666666 0.04406779661016949
1 0.76484375 0.15847457627118644 0.008854166666666666 0.03559322033898305
1 0.9552083333333333 0.18898305084745762 0.009375 0.03559322033898305
