1 0.7791666666666667 0.5838983050847457 0.052083333333333336 0.17796610169491525
1 0.9674479166666666 0.19152542372881357 0.009895833333333333 0.04067796610169491
1 0.7713541666666667 0.16016949152542373 0.009375 0.03898305084745762
1 0.7388020833333333 0.17372881355932202 0.009895833333333333 0.0423728813559322
1 0.6572916666666666 0.19915254237288135 0.015625 0.059322033898305086
1 0.6505208333333333 0.28559322033898304 0.022916666666666665 0.08305084745762711
0 0.8184895833333333 0.14067796610169492 0.009895833333333333 0.03389830508474576
0 0.9286458333333333 0.16186440677966102 0.009375 0.0288135593220339
0 0.61953125 0.12966101694915255 0.009895833333333333 0.03898305084745762
0 0.5067708333333333 0.15847457627118644 0.015625 0.05593220338983051
0 0.22447916666666667 0.5067796610169492 0.05 0.17288135593220338
0 0.3815104166666667 0.23813559322033898 0.024479166666666666 0.08305084745762711
