1 0.15390625 0.6271186440677966 0.0640625 0.22372881355932203
1 0.365625 0.261864406779661 0.026041666666666668 0.09322033898305085
1 0.5046875 0.1652542372881356 0.015625 0.059322033898305086
1 0.621875 0.1288135593220339 0.009375 0.04067796610169491
1 0.8265625 0.13813559322033897 0.007291666666666667 0.0288135593220339
1 0.9408854166666667 0.15762711864406778 0.0067708333333333336 0.02711864406779661
0 0.8421875 0.7237288135593221 0.065625 0.22372881355932203
0 0.6622395833333333 0.311864406779661 0.024479166666666666 0.09491525423728814
0 0.66640625 0.20847457627118643 0.01614583333333333 0.06101694915254237
0 0.7494791666666667 0.17372881355932202 0.011458333333333333 0.04576271186440678
0 0.7809895833333333 0.16016949152542373 0.0109375 0.03898305084745762
0 0.9846354166666667 0.18983050847457628 0.009895833333333333 0.03728813559322034
