1 0.043229166666666666 0.8372881355932204 0.08645833333333333 0.30508474576271183
1 0.35234375 0.288135593220339 0.028645833333333332 0.10169491525423728
1 0.50859375 0.17288135593220338 0.01614583333333333 0.06101694915254237
1 0.6330729166666667 0.13050847457627118 0.011979166666666666 0.04406779661016949
1 0.8442708333333333 0.13983050847457626 0.008333333333333333 0.0288135593220339
1 0.9643229166666667 0.16271186440677965 0.008854166666666666 0.030508474576271184
0 0.6880208333333333 0.34915254237288135 0.027083333333333334 0.10847457627118644
0 0.6854166666666667 0.22118644067796608 0.019791666666666666 0.06610169491525424
0 0.7697916666666667 0.18135593220338983 0.011458333333333333 0.04745762711864407
0 0.80078125 0.1652542372881356 0.0109375 0.0423728813559322
