0 0.16510416666666666 0.7338983050847457 0.06770833333333333 0.2745762711864407
0 0.54140625 0.3771186440677966 0.030729166666666665 0.12033898305084745
0 0.6911458333333333 0.2576271186440678 0.019791666666666666 0.0711864406779661
0 0.7502604166666667 0.21101694915254238 0.015104166666666667 0.04915254237288135
0 0.8153645833333333 0.1864406779661017 0.011979166666666666 0.04067796610169491
0 0.8544270833333333 0.17288135593220338 0.009895833333333333 0.03389830508474576
0 0.93046875 0.17033898305084746 0.008854166666666666 0.0288135593220339
1 0.9864583333333333 0.21016949152542372 0.011458333333333333 0.03728813559322034
1 0.9718749999999999 0.23389830508474577 0.013541666666666667 0.04406779661016949
1 0.9622395833333334 0.2847457627118644 0.0203125 0.06101694915254237
1 0.97265625 0.37881355932203387 0.0265625 0.09322033898305085
