1 0.022395833333333334 0.888135593220339 0.04479166666666667 0.21694915254237288
1 0.5083333333333333 0.4110169491525424 0.03333333333333333 0.13389830508474576
1 0.66484375 0.26440677966101694 0.0203125 0.07457627118644068
1 0.7234375 0.21016949152542372 0.015625 0.05423728813559322
1 0.7846354166666667 0.18220338983050846 0.011979166666666666 0.03898305084745762
1 0.8213541666666666 0.16610169491525423 0.009375 0.03389830508474576
1 0.8932291666666666 0.1652542372881356 0.008333333333333333 0.0288135593220339
0 0.9484374999999999 0.20338983050847456 0.010416666666666666 0.03728813559322034
0 0.9921875 0.19491525423728814 0.011458333333333333 0.03389830508474576
0 0.9375 0.22796610169491524 0.014583333333333334 0.04576271186440678
0 0.934375 0.28220338983050847 0.019791666666666666 0.059322033898305086
0 0.9552083333333333 0.38728813559322034 0.027083333333333334 0.09661016949152543
