0 0.47604166666666664 0.4661016949152542 0.03854166666666667 0.1559322033898305
0 0.6450520833333333 0.2754237288135593 0.022395833333333334 0.07966101694915254
0 0.70234375 0.211864406779661 0.015104166666666667 0.05423728813559322
0 0.7619791666666667 0.18050847457627117 0.011458333333333333 0.03898305084745762
0 0.796875 0.1635593220338983 0.010416666666666666 0.03559322033898305
0 0.8653645833333333 0.15932203389830507 0.008854166666666666 0.030508474576271184
1 0.921875 0.1983050847457627 0.009375 0.03728813559322034
1 0.9143229166666667 0.22457627118644066 0.013020833333333334 0.04576271186440678
1 0.9169270833333333 0.28220338983050847 0.019270833333333334 0.06271186440677966
1 0.9614583333333333 0.188135593220339 0.010416666666666666 0.03389830508474576
1 0.9513020833333333 0.4016949152542373 0.0296875 0.10169491525423728
0 0.9700520833333334 0.1669491525423729 0.0078125 0.0288135593220339
