0 0.42734374999999997 0.5398305084745763 0.0453125 0.18135593220338983
0 0.6153645833333333 0.2864406779661017 0.0234375 0.0847457627118644
0 0.67109375 0.21440677966101696 0.01614583333333333 0.059322033898305086
0 0.7291666666666666 0.1771186440677966 0.011458333333333333 0.03898305084745762
0 0.7622395833333333 0.15508474576271186 0.008854166666666666 0.03559322033898305
0 0.8283854166666667 0.15169491525423728 0.0078125 0.0288135593220339
0 0.92578125 0.15762711864406778 0.0067708333333333336 0.02711864406779661
1 0.9203125 0.17966101694915254 0.010416666666666666 0.03389830508474576
1 0.8854166666666666 0.1906779661016949 0.008333333333333333 0.03898305084745762
1 0.8799479166666666 0.2194915254237288 0.013020833333333334 0.04576271186440678
1 0.8893229166666666 0.2805084745762712 0.0203125 0.06610169491525424
1 0.9375 0.4161016949152542 0.03125 0.10677966101694915
