0 0.3416666666666667 0.6550847457627118 0.051041666666666666 0.2288135593220339
0 0.5677083333333334 0.29491525423728815 0.019791666666666666 0.09152542372881356
0 0.6213541666666667 0.20508474576271185 0.016666666666666666 0.07457627118644068
0 0.6765625 0.1669491525423729 0.0125 0.03559322033898305
1 0.9015624999999999 0.4194915254237288 0.035416666666666666 0.13050847457627118
1 0.8424479166666666 0.2788135593220339 0.021354166666666667 0.08644067796610169
1 0.8286458333333333 0.19576271186440677 0.022916666666666665 0.07966101694915254
0 0.7083333333333334 0.14067796610169492 0.007291666666666667 0.030508474576271184
0 0.7703125 0.1347457627118644 0.008333333333333333 0.03559322033898305
0 0.8591145833333333 0.13644067796610168 0.0078125 0.0288135593220339
1 0.8575520833333333 0.16101694915254236 0.008854166666666666 0.030508474576271184
0 0.9385416666666666 0.14745762711864407 0.005208333333333333 0.030508474576271184
1 0.9427083333333334 0.16779661016949152 0.00625 0.030508474576271184
