0 0.5145833333333333 0.31271186440677967 0.03125 0.11694915254237288
0 0.5736979166666667 0.20847457627118643 0.019270833333333334 0.07457627118644068
0 0.6299479166666666 0.1635593220338983 0.015104166666666667 0.06271186440677966
0 0.6591145833333333 0.13050847457627118 0.0140625 0.03728813559322034
1 0.8770833333333333 0.4398305084745763 0.0375 0.12372881355932203
1 0.7971354166666667 0.27033898305084747 0.018229166666666668 0.06949152542372881
1 0.7760416666666666 0.19491525423728814 0.011458333333333333 0.04745762711864407
0 0.71953125 0.12372881355932203 0.0067708333333333336 0.030508474576271184
0 0.8039062499999999 0.12542372881355932 0.005729166666666666 0.023728813559322035
0 0.8770833333333333 0.13389830508474576 0.005208333333333333 0.023728813559322035
1 0.9533854166666667 0.15932203389830507 0.0067708333333333336 0.030508474576271184
1 0.8815104166666666 0.15254237288135591 0.0067708333333333336 0.030508474576271184
1 0.8039062499999999 0.15 0.0078125 0.0288135593220339
1 0.7752604166666667 0.16186440677966102 0.0078125 0.03898305084745762
0 0.9916666666666667 0.15 0.007291666666666667 0.02542372881355932
