0 0.46640624999999997 0.3483050847457627 0.027604166666666666 0.1135593220338983
0 0.53203125 0.211864406779661 0.0234375 0.07457627118644068
0 0.5895833333333333 0.15847457627118644 0.014583333333333334 0.059322033898305086
0 0.61875 0.13220338983050847 0.011458333333333333 0.05423728813559322
0 0.6786458333333333 0.1152542372881356 0.010416666666666666 0.03389830508474576
1 0.8700520833333333 0.4745762711864407 0.033854166666666664 0.15254237288135591
1 0.7684895833333333 0.27203389830508473 0.022395833333333334 0.08644067796610169
1 0.7419270833333333 0.1966101694915254 0.018229166666666668 0.05084745762711864
0 0.7609375 0.1194915254237288 0.00625 0.02542372881355932
0 0.83046875 0.12542372881355932 0.005729166666666666 0.02711864406779661
0 0.9369791666666667 0.13983050847457626 0.008333333333333333 0.0288135593220339
1 0.7622395833333333 0.14322033898305084 0.008854166666666666 0.0288135593220339
1 0.8369791666666666 0.14491525423728813 0.007291666666666667 0.0288135593220339
1 0.9041666666666667 0.14915254237288136 0.007291666666666667 0.030508474576271184
1 0.73671875 0.15932203389830507 0.0078125 0.03389830508474576
