0 0.40546875 0.39999999999999997 0.0359375 0.14915254237288136
0 0.48515625 0.2194915254237288 0.0234375 0.08305084745762711
0 0.5481770833333334 0.15169491525423728 0.015104166666666667 0.06610169491525424
1 0.8705729166666667 0.5322033898305084 0.043229166666666666 0.1694915254237288
1 0.7408854166666666 0.2771186440677966 0.0203125 0.08305084745762711
1 0.70546875 0.1923728813559322 0.0171875 0.059322033898305086
0 0.5768229166666666 0.1194915254237288 0.009895833333333333 0.0423728813559322
0 0.6375 0.11016949152542373 0.008333333333333333 0.03728813559322034
0 0.7192708333333333 0.11186440677966102 0.007291666666666667 0.030508474576271184
0 0.7848958333333333 0.11016949152542373 0.005208333333333333 0.023728813559322035
0 0.884375 0.12796610169491526 0.005208333333333333 0.022033898305084745
0 0.9973958333333334 0.14745762711864407 0.005208333333333333 0.023728813559322035
1 0.7234375 0.13389830508474576 0.009375 0.030508474576271184
1 0.7932291666666667 0.13050847457627118 0.004166666666666667 0.023728813559322035
1 0.85625 0.13983050847457626 0.008333333333333333 0.02542372881355932
