0 0.19453125 0.7203389830508474 0.07760416666666667 0.2711864406779661
0 0.3815104166666667 0.2754237288135593 0.028645833333333332 0.09999999999999999
0 0.46458333333333335 0.1652542372881356 0.015625 0.059322033898305086
0 0.50078125 0.13050847457627118 0.0140625 0.04406779661016949
1 0.70546875 0.3313559322033898 0.027604166666666666 0.10677966101694915
1 0.6453125 0.20508474576271185 0.019791666666666666 0.06779661016949153
1 0.63203125 0.15338983050847457 0.0109375 0.04915254237288135
1 0.6557291666666667 0.13050847457627118 0.010416666666666666 0.03728813559322034
1 0.7239583333333334 0.12372881355932203 0.009375 0.03389830508474576
1 0.7830729166666667 0.1271186440677966 0.0067708333333333336 0.02711864406779661
1 0.9171874999999999 0.14915254237288136 0.009375 0.030508474576271184
0 0.5640625 0.10932203389830508 0.009375 0.03898305084745762
0 0.646875 0.10254237288135593 0.008333333333333333 0.0288135593220339
0 0.7119791666666666 0.10338983050847457 0.00625 0.023728813559322035
0 0.8065104166666667 0.11610169491525424 0.0078125 0.02542372881355932
0 0.90703125 0.13559322033898305 0.0078125 0.030508474576271184
