0 0.34140625 0.3228813559322034 0.04114583333333333 0.11694915254237288
0 0.44244791666666666 0.18050847457627117 0.022395833333333334 0.07627118644067796
0 0.47994791666666664 0.13050847457627118 0.013020833333333334 0.04406779661016949
1 0.7111979166666667 0.3728813559322034 0.03697916666666667 0.12203389830508474
1 0.63515625 0.2194915254237288 0.0234375 0.06949152542372881
1 0.61875 0.1483050847457627 0.013541666666666667 0.04576271186440678
0 0.5486979166666667 0.11186440677966102 0.0109375 0.03728813559322034
0 0.6322916666666667 0.10169491525423728 0.007291666666666667 0.030508474576271184
0 0.7 0.10762711864406779 0.008333333333333333 0.03220338983050847
0 0.79296875 0.1152542372881356 0.0078125 0.02711864406779661
1 0.7734375 0.12627118644067797 0.008333333333333333 0.0288135593220339
1 0.7125 0.12542372881355932 0.008333333333333333 0.02711864406779661
1 0.6421875 0.13644067796610168 0.010416666666666666 0.03559322033898305
0 0.8934895833333333 0.1330508474576271 0.009895833333333333 0.0288135593220339
1 0.9065104166666667 0.15 0.0078125 0.03220338983050847
