1 0.7208333333333333 0.42627118644067796 0.03333333333333333 0.13728813559322034
1 0.6294270833333333 0.23813559322033898 0.0203125 0.07288135593220339
1 0.6065104166666666 0.16186440677966102 0.0171875 0.05254237288135593
1 0.6325520833333333 0.1288135593220339 0.0140625 0.03389830508474576
0 0.2955729166666667 0.3728813559322034 0.0390625 0.1423728813559322
0 0.41796875 0.18898305084745762 0.0203125 0.07966101694915254
0 0.46249999999999997 0.13983050847457626 0.019791666666666666 0.06271186440677966
0 0.5338541666666666 0.1135593220338983 0.009375 0.0576271186440678
0 0.6197916666666666 0.10169491525423728 0.008333333333333333 0.030508474576271184
0 0.6869791666666667 0.10338983050847457 0.007291666666666667 0.030508474576271184
0 0.7817708333333333 0.1135593220338983 0.007291666666666667 0.030508474576271184
0 0.8820312499999999 0.13389830508474576 0.008854166666666666 0.02711864406779661
0 0.9940104166666667 0.1559322033898305 0.0067708333333333336 0.02711864406779661
1 0.7028645833333333 0.12796610169491526 0.0078125 0.03220338983050847
1 0.7622395833333333 0.1288135593220339 0.0067708333333333336 0.030508474576271184
1 0.8955729166666666 0.14915254237288136 0.0078125 0.030508474576271184
