0 0.23541666666666666 0.435593220338983 0.05520833333333333 0.1694915254237288
0 0.39869791666666665 0.21440677966101696 0.024479166666666666 0.07966101694915254
0 0.44609375 0.14491525423728813 0.019270833333333334 0.06610169491525424
0 0.5203125 0.1135593220338983 0.010416666666666666 0.03728813559322034
1 0.6018229166666667 0.17033898305084746 0.01614583333333333 0.04915254237288135
1 0.6278645833333333 0.24322033898305084 0.0234375 0.06949152542372881
1 0.625 0.13644067796610168 0.013541666666666667 0.0423728813559322
1 0.6963541666666666 0.12627118644067797 0.009375 0.02542372881355932
1 0.7546875 0.11864406779661017 0.003125 0.020338983050847456
1 0.8916666666666666 0.15169491525423728 0.00625 0.02542372881355932
0 0.6119791666666666 0.10084745762711864 0.009375 0.0288135593220339
0 0.678125 0.09745762711864407 0.010416666666666666 0.03559322033898305
0 0.7747395833333334 0.10932203389830508 0.005729166666666666 0.022033898305084745
0 0.8744791666666667 0.12796610169491526 0.00625 0.022033898305084745
0 0.9888020833333333 0.15932203389830507 0.0067708333333333336 0.030508474576271184
1 0.7447916666666666 0.5033898305084745 0.03854166666666667 0.1694915254237288
