0 0.06380208333333333 0.7169491525423729 0.0859375 0.2711864406779661
0 0.36796875 0.25 0.0265625 0.09661016949152543
0 0.43333333333333335 0.15847457627118644 0.014583333333333334 0.059322033898305086
1 0.6111979166666667 0.1983050847457627 0.018229166666666668 0.06101694915254237
1 0.6346354166666667 0.1440677966101695 0.0140625 0.03728813559322034
1 0.7096354166666666 0.13728813559322034 0.008854166666666666 0.023728813559322035
1 0.6481770833333333 0.2906779661016949 0.0203125 0.09999999999999999
1 0.8739583333333333 0.7898305084745763 0.0625 0.29491525423728815
1 0.7734375 0.13898305084745763 0.007291666666666667 0.03728813559322034
1 0.9210937499999999 0.1635593220338983 0.013020833333333334 0.02542372881355932
0 0.5213541666666667 0.12457627118644067 0.0125 0.05254237288135593
0 0.615625 0.10932203389830508 0.005208333333333333 0.02542372881355932
0 0.6885416666666666 0.10508474576271186 0.00625 0.023728813559322035
0 0.7895833333333333 0.1135593220338983 0.004166666666666667 0.023728813559322035
0 0.89609375 0.1423728813559322 0.0067708333333333336 0.030508474576271184
