0 0.35651041666666666 0.2635593220338983 0.0296875 0.10338983050847457
0 0.42890625 0.1669491525423729 0.0171875 0.06271186440677966
0 0.5197916666666667 0.12033898305084745 0.013541666666666667 0.0576271186440678
1 0.6171875 0.19915254237288135 0.01875 0.07966101694915254
1 0.6401041666666667 0.15847457627118644 0.013541666666666667 0.05254237288135593
1 0.9677083333333333 0.9194915254237288 0.06458333333333333 0.1542372881355932
1 0.65703125 0.3211864406779661 0.0328125 0.09999999999999999
1 0.71640625 0.13813559322033897 0.008854166666666666 0.03559322033898305
1 0.7791666666666667 0.13728813559322034 0.009375 0.030508474576271184
1 0.9265625 0.1652542372881356 0.009375 0.0423728813559322
0 0.61953125 0.10762711864406779 0.013020833333333334 0.03559322033898305
0 0.690625 0.11186440677966102 0.00625 0.030508474576271184
0 0.79296875 0.12118644067796609 0.005729166666666666 0.015254237288135592
0 0.90234375 0.14152542372881355 0.008854166666666666 0.0288135593220339
