1 0.6658854166666667 0.34491525423728814 0.034895833333333334 0.10677966101694915
1 0.6171875 0.21016949152542372 0.014583333333333334 0.07796610169491525
1 0.6403645833333333 0.17033898305084746 0.0203125 0.059322033898305086
1 0.7184895833333333 0.14491525423728813 0.0140625 0.04915254237288135
1 0.7815104166666667 0.14661016949152542 0.013020833333333334 0.0423728813559322
1 0.9333333333333333 0.17203389830508475 0.011458333333333333 0.0423728813559322
0 0.3390625 0.28983050847457625 0.03125 0.12203389830508474
0 0.41901041666666666 0.1847457627118644 0.01614583333333333 0.06779661016949153
0 0.5130208333333334 0.12542372881355932 0.015625 0.05423728813559322
0 0.6161458333333333 0.10084745762711864 0.009375 0.0423728813559322
0 0.690625 0.10847457627118644 0.009375 0.04745762711864407
0 0.7958333333333333 0.12033898305084745 0.010416666666666666 0.03728813559322034
0 0.9057291666666667 0.14915254237288136 0.009375 0.04406779661016949
