0 0.32317708333333334 0.3084745762711864 0.030729166666666665 0.11186440677966102
0 0.4119791666666667 0.188135593220339 0.021875 0.08135593220338982
0 0.5138020833333333 0.13220338983050847 0.0140625 0.05423728813559322
0 0.6151041666666667 0.11271186440677966 0.007291666666666667 0.0423728813559322
0 0.6921875 0.11610169491525424 0.009375 0.04576271186440678
0 0.7979166666666666 0.1271186440677966 0.009375 0.023728813559322035
0 0.9111979166666666 0.15338983050847457 0.0109375 0.03559322033898305
1 0.6765625 0.3711864406779661 0.034375 0.12203389830508474
1 0.6205729166666667 0.22118644067796608 0.015104166666666667 0.06271186440677966
1 0.640625 0.17203389830508475 0.01875 0.06610169491525424
1 0.72109375 0.14915254237288136 0.011979166666666666 0.04406779661016949
1 0.7872395833333333 0.1559322033898305 0.013020833333333334 0.04406779661016949
1 0.9377604166666667 0.17627118644067796 0.013020833333333334 0.04745762711864407
