0 0.29661458333333335 0.3466101694915254 0.0328125 0.13050847457627118
0 0.40078125 0.18389830508474575 0.0203125 0.07627118644067796
0 0.5059895833333333 0.13644067796610168 0.0203125 0.06949152542372881
1 0.6213541666666667 0.2330508474576271 0.016666666666666666 0.05593220338983051
1 0.6388020833333333 0.17881355932203388 0.01614583333333333 0.059322033898305086
1 0.7208333333333333 0.1652542372881356 0.013541666666666667 0.05254237288135593
1 0.6848958333333334 0.40423728813559323 0.034375 0.1271186440677966
1 0.7856770833333333 0.14915254237288136 0.008854166666666666 0.04067796610169491
1 0.9380208333333333 0.1771186440677966 0.009375 0.04915254237288135
0 0.6130208333333333 0.1135593220338983 0.011458333333333333 0.04406779661016949
0 0.6890625 0.11864406779661017 0.007291666666666667 0.03389830508474576
0 0.79453125 0.12966101694915255 0.009895833333333333 0.0288135593220339
0 0.90703125 0.15338983050847457 0.0046875 0.01864406779661017
