0 0.27421875 0.3728813559322034 0.03697916666666667 0.1423728813559322
0 0.39453125 0.20508474576271185 0.0203125 0.07457627118644068
0 0.5065104166666666 0.14491525423728813 0.015104166666666667 0.04576271186440678
1 0.6283854166666667 0.2584745762711864 0.018229166666666668 0.09322033898305085
1 0.6453125 0.1771186440677966 0.017708333333333333 0.06271186440677966
1 0.7276041666666666 0.1669491525423729 0.0125 0.05593220338983051
1 0.70390625 0.4440677966101695 0.0484375 0.13898305084745763
1 0.7932291666666667 0.15847457627118644 0.009375 0.04576271186440678
1 0.9523437499999999 0.18305084745762712 0.013020833333333334 0.03728813559322034
0 0.6169270833333333 0.12542372881355932 0.011979166666666666 0.04406779661016949
0 0.6940104166666666 0.11610169491525424 0.009895833333333333 0.03559322033898305
0 0.8018229166666666 0.13220338983050847 0.008854166666666666 0.030508474576271184
0 0.9177083333333333 0.16016949152542373 0.009375 0.03220338983050847
