1 0.6372395833333333 0.26864406779661015 0.027604166666666666 0.09322033898305085
1 0.65390625 0.19406779661016949 0.01614583333333333 0.06949152542372881
1 0.7361979166666667 0.17372881355932202 0.013020833333333334 0.05593220338983051
0 0.2526041666666667 0.4228813559322034 0.046875 0.15762711864406778
0 0.39140625 0.22118644067796608 0.030729166666666665 0.09322033898305085
0 0.5075520833333333 0.1483050847457627 0.015104166666666667 0.05254237288135593
1 0.7252604166666666 0.4991525423728813 0.044270833333333336 0.16440677966101694
1 0.8039062499999999 0.16101694915254236 0.009895833333333333 0.030508474576271184
1 0.9658854166666666 0.18898305084745762 0.013020833333333334 0.02542372881355932
0 0.6203125 0.12796610169491526 0.007291666666666667 0.03898305084745762
0 0.7010416666666667 0.1288135593220339 0.009375 0.04745762711864407
0 0.8109375 0.13728813559322034 0.011458333333333333 0.04067796610169491
0 0.9276041666666667 0.1635593220338983 0.008333333333333333 0.03559322033898305
