0 0.22291666666666665 0.46779661016949153 0.04895833333333333 0.17966101694915254
0 0.38203125 0.22457627118644066 0.027604166666666666 0.09322033898305085
0 0.5096354166666667 0.15 0.019270833333333334 0.04915254237288135
0 0.6268229166666667 0.12203389830508474 0.013020833333333334 0.04745762711864407
1 0.64453125 0.2754237288135593 0.025520833333333333 0.08644067796610169
1 0.6622395833333333 0.1906779661016949 0.01614583333333333 0.05593220338983051
1 0.74296875 0.17372881355932202 0.0140625 0.0423728813559322
0 0.7067708333333333 0.12033898305084745 0.011458333333333333 0.03728813559322034
0 0.8182291666666667 0.13050847457627118 0.007291666666666667 0.03389830508474576
0 0.9406249999999999 0.16101694915254236 0.007291666666666667 0.04067796610169491
0 0.7515625 0.561864406779661 0.05 0.188135593220339
1 0.8135416666666666 0.16779661016949152 0.0125 0.04067796610169491
1 0.9807291666666667 0.19152542372881357 0.013541666666666667 0.04406779661016949
