1 0.6622395833333333 0.29915254237288136 0.024479166666666666 0.08983050847457627
1 0.67265625 0.20847457627118643 0.025520833333333333 0.06779661016949153
1 0.7557291666666667 0.17033898305084746 0.009375 0.0423728813559322
0 0.1796875 0.5457627118644067 0.058333333333333334 0.1966101694915254
0 0.37734375 0.2533898305084746 0.028645833333333332 0.09661016949152543
0 0.5114583333333333 0.16016949152542373 0.017708333333333333 0.05593220338983051
0 0.6315104166666666 0.1288135593220339 0.011979166666666666 0.04067796610169491
1 0.8002604166666667 0.6601694915254237 0.0609375 0.23220338983050848
1 0.82890625 0.17288135593220338 0.0140625 0.04067796610169491
0 0.715625 0.12288135593220338 0.010416666666666666 0.03559322033898305
0 0.8307291666666666 0.1330508474576271 0.007291666666666667 0.03559322033898305
0 0.9580729166666666 0.15847457627118644 0.008854166666666666 0.03898305084745762
