0 0.11119791666666666 0.6567796610169492 0.07447916666666667 0.21864406779661016
0 0.3578125 0.261864406779661 0.030208333333333334 0.09322033898305085
0 0.50703125 0.1635593220338983 0.018229166666666668 0.07627118644067796
0 0.6346354166666667 0.13389830508474576 0.022395833333333334 0.0576271186440678
1 0.66796875 0.3313559322033898 0.0296875 0.1135593220338983
1 0.6739583333333333 0.21016949152542372 0.017708333333333333 0.0711864406779661
1 0.7643229166666666 0.18050847457627117 0.01614583333333333 0.06271186440677966
0 0.7174479166666666 0.12966101694915255 0.0109375 0.05593220338983051
0 0.83203125 0.12457627118644067 0.008854166666666666 0.0288135593220339
0 0.9614583333333333 0.16101694915254236 0.009375 0.04067796610169491
1 0.8341145833333333 0.16440677966101694 0.013020833333333334 0.03728813559322034
1 0.8484375 0.7830508474576271 0.07708333333333334 0.24745762711864405
