0 0.3419270833333333 0.288135593220339 0.033854166666666664 0.11864406779661017
0 0.50234375 0.17203389830508475 0.019270833333333334 0.07288135593220339
0 0.63046875 0.13728813559322034 0.0140625 0.04406779661016949
0 0.7153645833333333 0.12542372881355932 0.0140625 0.04067796610169491
1 0.6747395833333333 0.35 0.0296875 0.11016949152542373
1 0.6763020833333333 0.21440677966101696 0.0203125 0.07966101694915254
1 0.7653645833333333 0.18220338983050846 0.01614583333333333 0.059322033898305086
1 0.90625 0.8974576271186441 0.08333333333333333 0.20508474576271185
1 0.8372395833333334 0.17457627118644067 0.013020833333333334 0.04745762711864407
0 0.03567708333333333 0.7949152542372881 0.06510416666666667 0.3084745762711864
0 0.8328125 0.14152542372881355 0.007291666666666667 0.0288135593220339
0 0.96328125 0.16016949152542373 0.0109375 0.03220338983050847
