0 0.29401041666666666 0.3593220338983051 0.03177083333333333 0.13559322033898305
0 0.49557291666666664 0.20847457627118643 0.022395833333333334 0.07457627118644068
0 0.6346354166666667 0.15677966101694915 0.01614583333333333 0.06949152542372881
0 0.7260416666666667 0.15847457627118644 0.011458333333333333 0.05254237288135593
1 0.7091145833333333 0.45084745762711864 0.0328125 0.13220338983050847
1 0.6979166666666666 0.2635593220338983 0.020833333333333332 0.08305084745762711
1 0.78671875 0.22457627118644066 0.01614583333333333 0.06610169491525424
0 0.8481770833333333 0.1652542372881356 0.0109375 0.03559322033898305
0 0.9825520833333333 0.19322033898305085 0.008854166666666666 0.04745762711864407
1 0.8591145833333333 0.20508474576271185 0.015104166666666667 0.05423728813559322
