0 0.2721354166666667 0.40338983050847455 0.04114583333333333 0.16271186440677965
0 0.49609375 0.22118644067796608 0.021354166666666667 0.07288135593220339
0 0.6388020833333333 0.17203389830508475 0.0140625 0.04576271186440678
1 0.7338541666666667 0.5042372881355932 0.051041666666666666 0.16101694915254236
1 0.7091145833333333 0.29491525423728815 0.0328125 0.09152542372881356
1 0.79453125 0.23135593220338982 0.019270833333333334 0.059322033898305086
0 0.7309895833333333 0.15762711864406778 0.013020833333333334 0.0576271186440678
0 0.8559895833333333 0.1771186440677966 0.008854166666666666 0.03559322033898305
0 0.99609375 0.18728813559322033 0.0078125 0.04576271186440678
1 0.8700520833333333 0.21694915254237288 0.0140625 0.05423728813559322
