000964
000116
475
573
587
9808
10909
601
001633
10607
691
001429
417
661
000687
001248
25509
3409
000998
001095
001394
000902
449
842
001178
861
001343
000122
000299
717
001868
12509
000994
000684
000954
001893
783
000118
14909
001443
000923
001010
001763
000181
25609
001881
000188
000930
000935
001873
001440
001754
15009
425
787
000690
000953
5609
13808
14809
000925
001362
000679
2208
25508
817
655
1008
765
001094
826
000183
860
13807
14509
000182
001106
946
001811
15908
808
000123
912
641
001792
001233
2907
2209
001933
001212
10609
001815
000212
8508
1906
629
26008
000108
663
001889
000650
972
001417
000210
25909
13109
10107
001331
001242
000484
001200
920
673
000712
000951
000699
001157
5908
14409
001847
001241
561
000783
635
25109
000668
000662
001334
001006
001892
775
611
000997
001930
001824
000940
9108
921
496
001118
736
911
000987
506
6109
001209
001108
26108
000950
969
505
7208
488
000753
1009
001455
14209
7908
001124
001218
000762
001784
001430
000677
000754
001363
13407
547
559
949
001765
000160
000310
001790
001012
000094
001380
001745
001365
000214
001432
001122
000978
001206
809
709
000757
6609
429
12307
001153
001357
935
4107
000107
001319
11408
000937
4108
15008
001401
000748
000180
000727
000198
000755
511
000928
001895
000934
000895
3909
707
000151
001925
648
638
001806
001773
8007
001918
5509
000295
001198
000308
24909
001800
664
713
000992
001324
000176
481
001378
1309
420
000960
000206
427
001321
000691
735
8507
001197
485
771
001304
000143
508
703
000488
9807
9409
001890
001798
001348
000124
716
001788
001635
493
001764
000968
10308
001877
000725
695
5309
001804
7308
7609
768
001752
791
000986
922
543
000776
913
8809
606
001306
000747
000208
000752
700
480
591
000775
837
17208
432
001846
001898
001316
473
15809
001192
910
001105
001003
000490
000416
810
9609
000660
14709
25209
10807
943
001386
5708
15509
000777
001368
6509
000125
25008
001433
455
448
834
12108
001181
10707
542
720
430
12908
12209
000192
000222
001656
510
000089
14407
4309
16309
7509
792
11007
001924
17308
11407
989
535
844
001238
001315
000168
001828
916
001905
000155
17609
6909
001850
001787
24309
490
001182
811
3809
688
001309
000137
3007
000131
4609
954
444
3607
001844
001393
564
1509
000216
000134
000164
001884
8109
000943
001387
001871
000952
670
001154
24808
001830
827
108
12408
000781
804
7909
770
671
446
000740
001445
2707
000961
600
001761
968
13008
000941
001435
000286
001839
12609
000716
001912
001461
3309
000984
5109
000779
001117
9708
000733
000098
000215
603
6209
000945
000153
11009
16809
000145
540
1709
001816
000915
000156
637
937
001759
806
9008
797
000774
610
001849
10809
000305
000099
634
8908
588
000103
001177
656
14308
001407
9009
9508
835
000658
750
000307
4009
001307
001217
001883
001887
001204
17608
6009
001428
14808
000721
2807
000710
619
8408
10509
000720
000767
633
18009
692
698
9307
11808
14708
001314
477
001771
13607
16109
599
16609
3008
001447
000694
1108
001838
12308
419
10407
001848
000969
687
745
000128
000936
11307
000980
001843
999
16308
001193
666
919
000736
001854
001302
426
001869
681
000487
568
12208
918
000683
653
819
000287
4409
995
001355
001438
001413
9607
13409
001896
001774
001335
000494
14107
000750
793
000482
000209
660
001337
000771
000999
7409
16909
471
001915
001344
001762
001829
16108
000300
001832
15209
000196
000671
10007
437
000746
622
843
001782
001444
000186
443
001358
726
17408
000309
000972
926
001156
001851
431
001411
000769
000924
24708
000202
743
696
000200
000965
15909
24408
000772
941
832
000914
001814
927
000135
001151
000119
608
18309
001767
000759
001004
001900
512
001370
636
000184
576
000899
001361
000654
914
11507
2809
18308
001224
000726
001874
8509
9909
15108
11008
000159
000150
757
2108
777
2908
000653
001901
928
001909
000739
001919
779
001384
458
450
000981
000976
001115
956
14207
001857
001228
001819
001327
669
001783
18108
14009
000303
14309
749
001114
001318
929
001630
001744
000492
001311
977
001779
9109
001631
978
000983
445
001866
538
550
16409
001934
000907
000129
000656
001748
000672
001753
001104
829
801
000973
788
640
7109
001408
001914
762
499
001878
001152
001791
001396
967
000696
000988
000686
9209
796
000142
2608
001353
000711
001383
001870
001123
001341
776
15609
961
462
14608
000191
001339
569
001222
7807
8707
825
554
7709
000133
000205
000220
17009
001354
17908
001749
000493
001195
001459
3209
831
25808
546
3308
001103
001007
731
001436
000718
001910
945
8409
548
000195
001818
482
830
667
1208
424
000692
000674
001240
551
674
3407
000095
001389
001326
001347
001175
001189
764
4008
001412
000110
711
000121
459
8608
567
9809
001458
604
439
001425
001810
12508
000292
12807
001875
001795
000913
13608
621
000917
15608
8609
435
000702
778
651
780
001756
001373
553
682
4509
689
751
973
000688
8009
001793
000090
308
001836
001009
000294
001454
577
15508
001364
5009
14109
628
13908
15808
456
16009
001225
000996
001423
001809
4209
545
000751
1909
001923
421
8308
000896
774
742
11509
807
001409
001813
000741
507
627
578
593
001336
647
934
1109
001121
001768
106
001187
643
938
000127
2008
001346
460
001351
001927
001462
208
6409
1508
466
001110
000187
13309
10409
728
463
001931
9309
000170
000959
001369
000723
12808
000289
1719
684
000158
000302
001190
001799
980
7608
17008
8807
3108
001452
001833
000093
802
1308
001300
11909
001420
803
001865
001398
10808
18509
474
3307
3107
001935
3708
18209
001395
25309
17509
816
440
000735
579
001099
001805
697
000990
13709
001840
18208
001390
001231
12709
11608
000975
822
744
001880
3807
001803
001780
000900
2308
821
001416
000966
763
001920
752
000087
001414
001926
18109
7508
549
8207
001718
000682
5809
001888
718
701
725
000655
001221
001638
25108
000758
415
979
000715
789
625
001636
944
1908
000157
15208
000989
000306
679
7009
9407
447
790
001215
544
694
001201
10507
000738
000910
001837
596
001352
001366
452
000297
693
000956
7209
000719
000974
702
13209
933
25208
631
9007
11807
565
000919
001717
4207
001367
773
001405
000731
001885
001116
000486
001786
000165
000657
812
001437
719
12708
001781
487
001418
10208
000485
3507
001755
15109
000766
18408
746
632
000204
539
820
000743
001323
555
001235
13909
001220
948
001360
000706
418
12907
001379
672
001000
10008
000293
659
479
953
001453
001801
11508
9207
000768
1002
15308
3707
612
478
8708
001194
930
000993
24908
000096
824
001442
001109
000136
001634
000489
000496
958
001320
3609
12409
476
001856
001313
000942
000173
13509
605
001769
491
001113
11409
001632
14208
984
000199
001328
12008
8008
000897
001236
16709
001746
000709
6709
001219
3207
13007
962
001340
000932
001230
001642
975
000737
001179
000301
000201
8209
000678
12007
626
677
000962
001325
000905
000298
11308
000971
000146
000700
001097
799
001100
966
4007
000105
001823
000695
734
000927
001834
963
10209
000689
001897
657
000207
001421
3907
747
514
4707
7108
12407
4507
12909
001911
558
001403
583
11907
498
12109
000666
001096
001882
001234
001658
9308
8907
3509
614
952
000708
000717
566
10608
12809
639
947
16008
950
001904
001796
11708
001377
000148
001460
000764
754
9208
2408
000944
2808
4208
000190
001789
000100
001211
000939
000912
454
533
13508
000920
001229
001750
001371
000152
001338
000898
000290
17309
453
001381
000701
534
800
4308
9709
5209
15709
730
001449
623
680
001372
000773
000918
690
001308
464
441
8107
624
795
595
000778
8909
3109
570
001450
000946
001826
784
4407
501
10508
13009
000922
001422
794
206
000179
001184
001431
915
965
001743
000680
748
000931
25608
001305
000669
733
14408
000162
650
000203
5808
25908
1809
492
4607
000704
000958
000185
001191
13708
000211
465
001392
557
000113
000991
000101
001778
665
000166
10709
001827
833
001852
000714
436
537
000995
000901
001913
000178
001356
781
617
2006
001772
000111
11208
451
706
001203
000088
000756
001858
001415
000218
000681
000963
14007
836
14609
932
602
11207
001640
001350
457
613
960
12309
001456
974
000189
981
001891
562
001863
001223
000911
001637
000670
000985
001855
001424
000698
676
001807
000167
000697
976
9608
815
001426
001213
000177
620
712
1808
000744
001441
001102
000144
000921
513
001176
722
10309
483
9408
25308
489
000213
18508
001427
001876
428
15309
000770
000982
001661
814
001908
472
936
001111
495
000175
909
001376
000955
000707
1001
645
1408
001207
740
001760
7809
001886
2708
16208
001299
574
001659
000112
000933
908
470
001131
721
000651
001867
536
001173
001777
001002
756
000906
001232
24509
000894
17909
000734
438
560
000970
000713
001660
000949
001410
2508
24608
572
001107
000728
001119
001322
741
805
497
14508
000126
13308
000171
001785
486
11109
552
942
469
925
761
649
001385
000483
000097
13208
000979
001853
000904
001641
001766
001434
597
755
732
16509
000705
000291
598
500
001174
14108
17109
8407
705
8808
000667
001872
11209
563
17409
14008
001112
001757
699
5909
710
001932
11609
001916
654
001820
001802
772
000163
10109
001917
17209
584
10708
738
001001
001879
001758
001899
000703
000685
000115
724
000092
2409
000957
001246
000652
001226
5409
13408
001374
001098
001404
001333
000197
729
000730
823
618
782
000729
509
000130
6809
785
001822
000491
723
000147
000172
828
11709
000908
001448
7907
000149
000288
12009
590
982
17108
001155
000761
580
000194
000722
685
25009
644
000296
1000
17809
001345
000676
000106
607
001860
001183
001406
4307
001794
4506
25709
467
9707
000117
13307
000217
000763
964
000193
12107
001185
000903
581
001742
662
759
7408
000498
6309
001747
17708
917
001388
001831
7808
001419
616
000765
001639
13609
646
001808
7708
001797
001446
001922
000909
001227
11908
001243
737
000693
001775
753
001859
000161
001906
704
25409
000929
586
652
1608
9509
15408
767
658
001902
000663
000661
001770
001205
001903
000139
001342
4109
970
957
001402
001776
615
18409
000947
000120
423
9507
10408
001202
3709
939
955
575
