0 0.4046875 0.480208333333 0.05 0.08125
0 0.70234375 0.394791666667 0.0390625 0.0520833333333
1 0.97578125 0.591666666667 0.0484375 0.120833333333
2 0.8078125 0.347916666667 0.021875 0.0416666666667
2 0.69921875 0.336458333333 0.0203125 0.0354166666667
2 0.74453125 0.321875 0.0203125 0.03125
2 0.85625 0.333333333333 0.015625 0.0375
2 0.9734375 0.364583333333 0.021875 0.0416666666667
2 0.98125 0.3375 0.01875 0.0333333333333
0 0.98671875 0.307291666667 0.0109375 0.01875
1 0.84296875 0.301041666667 0.0109375 0.01875
