0 0.18046875 0.583333333333 0.0796875 0.1125
0 0.56953125 0.417708333333 0.0390625 0.0645833333333
2 0.55703125 0.34375 0.0234375 0.0416666666667
2 0.60234375 0.325 0.0265625 0.0291666666667
2 0.67109375 0.354166666667 0.0203125 0.0375
2 0.7109375 0.334375 0.01875 0.0354166666667
0 0.865625 0.375 0.03125 0.0458333333333
2 0.83671875 0.367708333333 0.0234375 0.04375
2 0.82421875 0.342708333333 0.0203125 0.0354166666667
0 0.8609375 0.315625 0.015625 0.03125
1 0.8609375 0.344791666667 0.01875 0.03125
0 0.98984375 0.336458333333 0.0203125 0.0395833333333
0 0.98828125 0.29375 0.0140625 0.025
0 0.81953125 0.30625 0.0140625 0.0291666666667
0 0.89765625 0.295833333333 0.0171875 0.0166666666667
1 0.69140625 0.3 0.0140625 0.025
