0 0.240625 0.552083333333 0.075 0.108333333333
0 0.6 0.413541666667 0.040625 0.0604166666667
2 0.59375 0.341666666667 0.025 0.0416666666667
2 0.6328125 0.325 0.01875 0.0291666666667
2 0.7 0.352083333333 0.025 0.0375
2 0.7421875 0.334375 0.01875 0.0270833333333
2 0.8671875 0.366666666667 0.021875 0.0375
0 0.9 0.375 0.021875 0.0416666666667
1 0.97109375 0.702083333333 0.0578125 0.166666666667
1 0.725 0.297916666667 0.0125 0.0208333333333
0 0.85546875 0.305208333333 0.0140625 0.01875
2 0.86171875 0.339583333333 0.0109375 0.0291666666667
0 0.8984375 0.314583333333 0.015625 0.025
0 0.9359375 0.294791666667 0.0125 0.01875
0 0.87578125 0.294791666667 0.0109375 0.0229166666667
1 0.89765625 0.34375 0.0203125 0.0291666666667
1 0.990625 0.501041666667 0.01875 0.0479166666667
1 0.9703125 0.284375 0.0125 0.0229166666667
