0 0.425 0.457291666667 0.04375 0.0729166666667
2 0.41484375 0.353125 0.0171875 0.03125
2 0.53984375 0.3625 0.0171875 0.0416666666667
2 0.46328125 0.327083333333 0.0203125 0.0291666666667
2 0.5828125 0.335416666667 0.015625 0.0375
1 0.9390625 0.554166666667 0.06875 0.108333333333
0 0.7546875 0.382291666667 0.025 0.04375
2 0.71796875 0.371875 0.0296875 0.0479166666667
1 0.73828125 0.340625 0.0203125 0.03125
0 0.85703125 0.332291666667 0.0234375 0.0395833333333
2 0.70390625 0.340625 0.0203125 0.0395833333333
0 0.72890625 0.313541666667 0.0171875 0.03125
1 0.57109375 0.313541666667 0.0140625 0.0270833333333
0 0.684375 0.3 0.0125 0.0208333333333
1 0.55625 0.295833333333 0.015625 0.0333333333333
0 0.70234375 0.291666666667 0.0109375 0.025
0 0.75546875 0.29375 0.0140625 0.0208333333333
0 0.8359375 0.290625 0.0125 0.0229166666667
