0 0.46953125 0.438541666667 0.0421875 0.0645833333333
2 0.45546875 0.348958333333 0.0234375 0.0354166666667
2 0.57578125 0.359375 0.0140625 0.0395833333333
2 0.5015625 0.329166666667 0.0125 0.0291666666667
1 0.93515625 0.528125 0.0515625 0.0854166666667
2 0.6171875 0.335416666667 0.021875 0.0375
2 0.7453125 0.371875 0.025 0.04375
0 0.77890625 0.379166666667 0.0328125 0.0458333333333
0 0.8875 0.336458333333 0.015625 0.0354166666667
1 0.765625 0.342708333333 0.021875 0.0354166666667
2 0.73515625 0.341666666667 0.0203125 0.0375
0 0.7171875 0.303125 0.0125 0.0229166666667
0 0.7609375 0.311458333333 0.01875 0.0229166666667
0 0.7359375 0.295833333333 0.009375 0.0208333333333
1 0.59140625 0.298958333333 0.0109375 0.0229166666667
0 0.8703125 0.29375 0.0125 0.0208333333333
