0 0.37421875 0.491666666667 0.0546875 0.0875
0 0.6859375 0.398958333333 0.0375 0.0645833333333
0 0.9875 0.371875 0.025 0.04375
0 0.9578125 0.307291666667 0.0125 0.0229166666667
0 0.98359375 0.302083333333 0.0140625 0.025
1 0.9765625 0.616666666667 0.046875 0.1125
1 0.8171875 0.298958333333 0.0125 0.01875
1 0.8265625 0.314583333333 0.0125 0.025
1 0.99296875 0.340625 0.0140625 0.0270833333333
2 0.67890625 0.340625 0.0265625 0.0354166666667
2 0.72265625 0.326041666667 0.0171875 0.03125
2 0.78828125 0.35 0.0234375 0.0416666666667
2 0.83359375 0.334375 0.0140625 0.03125
2 0.953125 0.365625 0.021875 0.03125
2 0.953125 0.339583333333 0.01875 0.0291666666667
