0 0.3296875 0.505208333333 0.059375 0.09375
1 0.971875 0.644791666667 0.05625 0.122916666667
0 0.65546875 0.402083333333 0.0359375 0.0583333333333
0 0.95546875 0.375 0.0296875 0.0416666666667
0 0.94375 0.297916666667 0.0125 0.0208333333333
0 0.96328125 0.319791666667 0.0140625 0.0270833333333
0 0.92109375 0.308333333333 0.0109375 0.0208333333333
1 0.95625 0.344791666667 0.01875 0.0270833333333
1 0.784375 0.297916666667 0.0125 0.025
1 0.79296875 0.314583333333 0.0109375 0.025
2 0.8 0.335416666667 0.01875 0.0333333333333
2 0.7578125 0.35 0.021875 0.0458333333333
2 0.69140625 0.326041666667 0.0203125 0.0354166666667
2 0.6484375 0.339583333333 0.021875 0.0333333333333
2 0.9203125 0.342708333333 0.01875 0.03125
2 0.921875 0.367708333333 0.021875 0.0354166666667
