0 0.10859375 0.616666666667 0.0890625 0.125
0 0.53515625 0.423958333333 0.0359375 0.05625
2 0.51796875 0.34375 0.0140625 0.0375
2 0.6375 0.35625 0.025 0.0375
2 0.56484375 0.326041666667 0.0140625 0.0270833333333
2 0.6734375 0.334375 0.021875 0.0354166666667
2 0.79921875 0.36875 0.0265625 0.0416666666667
0 0.83046875 0.375 0.0265625 0.0458333333333
0 0.94765625 0.336458333333 0.0234375 0.0354166666667
2 0.7890625 0.342708333333 0.015625 0.03125
0 0.81953125 0.315625 0.0203125 0.03125
1 0.82578125 0.34375 0.0140625 0.025
0 0.85078125 0.295833333333 0.0140625 0.0208333333333
0 0.778125 0.304166666667 0.0125 0.025
1 0.6515625 0.3 0.0125 0.025
