2 0.3671875 0.357291666667 0.015625 0.04375
2 0.4203125 0.33125 0.021875 0.0333333333333
2 0.5015625 0.36875 0.021875 0.0458333333333
2 0.546875 0.339583333333 0.015625 0.0333333333333
2 0.68828125 0.377083333333 0.0171875 0.0416666666667
2 0.67109375 0.340625 0.0171875 0.0354166666667
0 0.37265625 0.483333333333 0.0609375 0.0791666666667
1 0.9515625 0.603125 0.071875 0.114583333333
1 0.70625 0.345833333333 0.01875 0.0375
0 0.82421875 0.336458333333 0.0234375 0.0354166666667
1 0.53203125 0.3125 0.0171875 0.0333333333333
0 0.69453125 0.3125 0.0171875 0.0291666666667
1 0.51953125 0.294791666667 0.0171875 0.0229166666667
0 0.64921875 0.3 0.0140625 0.025
0 0.7984375 0.290625 0.0125 0.0229166666667
0 0.7203125 0.289583333333 0.0125 0.0208333333333
0 0.66640625 0.290625 0.0109375 0.0229166666667
