0 0.278125 0.527083333333 0.053125 0.1
0 0.62109375 0.404166666667 0.0390625 0.0625
0 0.92265625 0.371875 0.0265625 0.0395833333333
1 0.97109375 0.672916666667 0.0578125 0.141666666667
0 0.96484375 0.294791666667 0.0140625 0.01875
0 0.88203125 0.303125 0.0109375 0.0229166666667
0 0.903125 0.296875 0.0125 0.0229166666667
0 0.92109375 0.315625 0.0109375 0.0229166666667
1 0.91953125 0.342708333333 0.0171875 0.0270833333333
1 0.75703125 0.3125 0.0109375 0.0208333333333
1 0.74921875 0.298958333333 0.0109375 0.01875
2 0.76640625 0.335416666667 0.0140625 0.0333333333333
2 0.72421875 0.347916666667 0.0234375 0.0416666666667
2 0.659375 0.323958333333 0.01875 0.0270833333333
2 0.61484375 0.340625 0.0265625 0.0354166666667
