0 0.4984375 0.430208333333 0.046875 0.06875
0 0.03984375 0.6625 0.0765625 0.15
2 0.47890625 0.35 0.0265625 0.0375
2 0.52578125 0.328125 0.0140625 0.0270833333333
2 0.59921875 0.357291666667 0.0328125 0.0395833333333
2 0.63828125 0.335416666667 0.0109375 0.025
2 0.76484375 0.367708333333 0.0265625 0.04375
0 0.7984375 0.376041666667 0.028125 0.0479166666667
0 0.90859375 0.338541666667 0.0203125 0.0354166666667
2 0.75625 0.342708333333 0.01875 0.0354166666667
1 0.6265625 0.314583333333 0.0125 0.025
1 0.7828125 0.315625 0.015625 0.0270833333333
1 0.78984375 0.342708333333 0.0140625 0.0229166666667
0 0.74140625 0.304166666667 0.0109375 0.0208333333333
0 0.759375 0.297916666667 0.0125 0.0208333333333
0 0.89609375 0.294791666667 0.0140625 0.0229166666667
1 0.93828125 0.517708333333 0.0609375 0.0895833333333
