1 0.4796875 0.434375 0.05 0.0645833333333
2 0.5234375 0.3625 0.034375 0.0458333333333
1 0.165625 0.366666666667 0.03125 0.0458333333333
2 0.21796875 0.363541666667 0.0296875 0.0479166666667
2 0.36875 0.361458333333 0.03125 0.04375
2 0.47734375 0.335416666667 0.0203125 0.0375
2 0.23671875 0.335416666667 0.0203125 0.0333333333333
2 0.37109375 0.329166666667 0.0265625 0.0333333333333
1 0.0953125 0.31875 0.025 0.0333333333333
0 0.2171875 0.329166666667 0.01875 0.0333333333333
0 0.36640625 0.30625 0.0171875 0.025
0 0.38515625 0.292708333333 0.0171875 0.0229166666667
0 0.34296875 0.283333333333 0.0109375 0.025
1 0.25859375 0.292708333333 0.0140625 0.0270833333333
1 0.22578125 0.301041666667 0.0140625 0.01875
