2 0.27875 0.0520833333333 0.055 0.1025
2 0.6484375 0.1375 0.044375 0.085
2 0.5125 0.0295833333333 0.0325 0.0575
2 0.45625 0.00708333333333 0.0225 0.0125
2 0.6128125 0.05 0.029375 0.0533333333333
0 0.1546875 0.139583333333 0.141875 0.225833333333
0 0.675625 0.29625 0.1 0.2025
1 0.7375 0.126666666667 0.035 0.0683333333333
1 0.8109375 0.129583333333 0.029375 0.0541666666667
1 0.8509375 0.128333333333 0.023125 0.0516666666667
1 0.3209375 0.0233333333333 0.040625 0.045
2 0.66625 0.0595833333333 0.0225 0.0391666666667
