2 0.0103125 0.551666666667 0.019375 0.0483333333333
2 0.3553125 0.574583333333 0.050625 0.0708333333333
2 0.39125 0.547083333333 0.04375 0.0675
0 0.2128125 0.5025 0.031875 0.0433333333333
0 0.455 0.469166666667 0.03125 0.035
0 0.66125 0.447916666667 0.03 0.0358333333333
1 0.8059375 0.838333333333 0.144375 0.193333333333
1 0.3859375 0.662916666667 0.070625 0.1025
1 0.4571875 0.521666666667 0.041875 0.0533333333333
1 0.6 0.487916666667 0.0325 0.0491666666667
1 0.7596875 0.47375 0.028125 0.0441666666667
