0 0.118489583333 0.224537037037 0.0484375 0.0898148148148
2 0.208333333333 0.175925925926 0.0395833333333 0.0759259259259
2 0.302604166667 0.133796296296 0.03125 0.0583333333333
2 0.394270833333 0.108333333333 0.021875 0.0518518518519
2 0.502864583333 0.0893518518519 0.0234375 0.0472222222222
2 0.622395833333 0.127314814815 0.0270833333333 0.0546296296296
2 0.6875 0.101388888889 0.0260416666667 0.0509259259259
2 0.815885416667 0.0717592592593 0.0234375 0.0509259259259
2 0.67109375 0.062962962963 0.0161458333333 0.0481481481481
1 0.668489583333 0.158796296296 0.0359375 0.0694444444444
1 0.815885416667 0.22037037037 0.0463541666667 0.103703703704
