0 0.144375 0.337916666667 0.14375 0.244166666667
0 0.9503125 0.474166666667 0.099375 0.233333333333
0 0.384375 0.150416666667 0.04875 0.0758333333333
0 0.658125 0.116666666667 0.03125 0.0516666666667
1 0.7190625 0.195416666667 0.048125 0.0841666666667
1 0.438125 0.09375 0.03 0.0541666666667
1 0.4659375 0.0704166666667 0.019375 0.0375
1 0.623125 0.06875 0.01375 0.0291666666667
2 0.640625 0.08625 0.02125 0.0408333333333
2 0.481875 0.0525 0.0125 0.0366666666667
2 0.505 0.0404166666667 0.01 0.0291666666667
0 0.494375 0.0429166666667 0.01375 0.0325
1 0.6109375 0.05125 0.009375 0.0208333333333
0 0.515 0.0283333333333 0.00875 0.0233333333333
2 0.5940625 0.0345833333333 0.010625 0.0225
