0 0.1465625 0.344166666667 0.145625 0.246666666667
1 0.730625 0.199166666667 0.0475 0.0866666666667
0 0.386875 0.147916666667 0.045 0.0825
0 0.670625 0.111666666667 0.02875 0.0566666666667
0 0.5025 0.04125 0.0175 0.0341666666667
1 0.44875 0.0916666666667 0.02875 0.0583333333333
1 0.4765625 0.0725 0.018125 0.0366666666667
1 0.63375 0.0645833333333 0.015 0.0341666666667
1 0.6228125 0.0558333333333 0.013125 0.03
2 0.4925 0.0504166666667 0.01375 0.0325
2 0.6021875 0.03125 0.011875 0.0258333333333
0 0.5240625 0.025 0.011875 0.025
