0 0.8871875 0.389583333333 0.135625 0.2175
0 0.1821875 0.305833333333 0.119375 0.208333333333
0 0.3715625 0.1625 0.039375 0.075
0 0.6290625 0.13125 0.030625 0.0575
0 0.476875 0.0658333333333 0.01125 0.0283333333333
0 0.4975 0.05 0.01125 0.0266666666667
1 0.4265625 0.114583333333 0.028125 0.0508333333333
1 0.679375 0.201666666667 0.04375 0.0816666666667
1 0.45125 0.0920833333333 0.01375 0.0375
1 0.5996875 0.0883333333333 0.015625 0.03
1 0.5890625 0.0783333333333 0.015625 0.0316666666667
2 0.464375 0.0716666666667 0.015 0.04
2 0.5728125 0.0575 0.010625 0.0233333333333
