0 0.0953125 0.414583333333 0.174375 0.289166666667
1 0.7484375 0.22875 0.046875 0.0908333333333
0 0.386875 0.170416666667 0.05125 0.0908333333333
1 0.4475 0.108333333333 0.02625 0.0533333333333
0 0.679375 0.1325 0.0325 0.0583333333333
0 0.50625 0.0504166666667 0.0125 0.0408333333333
1 0.47875 0.08125 0.02 0.0375
1 0.6415625 0.08375 0.014375 0.0291666666667
1 0.6290625 0.07125 0.014375 0.0258333333333
2 0.495625 0.0666666666667 0.02 0.035
2 0.51875 0.04875 0.01 0.0275
2 0.60875 0.04375 0.0075 0.0208333333333
0 0.5278125 0.0345833333333 0.011875 0.0225
