0 0.1790625 0.30125 0.131875 0.215833333333
0 0.8821875 0.39125 0.141875 0.2325
1 0.6809375 0.204583333333 0.040625 0.0758333333333
0 0.373125 0.160416666667 0.04 0.0691666666667
1 0.4240625 0.119166666667 0.036875 0.05
0 0.63125 0.137083333333 0.02875 0.0541666666667
2 0.6165625 0.10375 0.024375 0.0475
1 0.45125 0.0854166666667 0.02 0.0491666666667
2 0.4640625 0.0779166666667 0.013125 0.0275
1 0.6009375 0.08875 0.013125 0.0291666666667
2 0.4828125 0.0616666666667 0.011875 0.03
1 0.58875 0.0795833333333 0.0125 0.0291666666667
0 0.4734375 0.0654166666667 0.009375 0.0275
