1 0.83828125 0.225462962963 0.0484375 0.0990740740741
0 0.13046875 0.218055555556 0.0463541666667 0.0935185185185
2 0.22109375 0.173611111111 0.0369791666667 0.0787037037037
2 0.318489583333 0.134259259259 0.0265625 0.062962962963
2 0.4109375 0.108796296296 0.0229166666667 0.0527777777778
2 0.51875 0.0902777777778 0.021875 0.0472222222222
2 0.639583333333 0.12962962963 0.0291666666667 0.062962962963
1 0.68359375 0.156944444444 0.0359375 0.0768518518519
2 0.83671875 0.0805555555556 0.0192708333333 0.0444444444444
2 0.690104166667 0.0680555555556 0.01875 0.0398148148148
2 0.70390625 0.106018518519 0.0234375 0.0509259259259
