1 0.81953125 0.258333333333 0.0453125 0.111111111111
1 0.659114583333 0.189351851852 0.0328125 0.0675925925926
0 0.0869791666667 0.24537037037 0.0541666666667 0.105555555556
2 0.180989583333 0.189814814815 0.0380208333333 0.0703703703704
2 0.2859375 0.154166666667 0.0291666666667 0.0583333333333
2 0.379947916667 0.128703703704 0.0234375 0.0555555555556
2 0.490885416667 0.111111111111 0.0223958333333 0.0462962962963
2 0.612239583333 0.155555555556 0.0244791666667 0.062962962963
2 0.6765625 0.131944444444 0.0229166666667 0.0546296296296
2 0.662239583333 0.0935185185185 0.0171875 0.0388888888889
