1 0.838802083333 0.282407407407 0.0494791666667 0.101851851852
1 0.672135416667 0.213425925926 0.0338541666667 0.0768518518519
0 0.0953125 0.290277777778 0.046875 0.106481481481
2 0.193489583333 0.234259259259 0.0411458333333 0.087037037037
2 0.295052083333 0.192592592593 0.0307291666667 0.0555555555556
2 0.386197916667 0.168518518519 0.0255208333333 0.0537037037037
2 0.50078125 0.146296296296 0.0192708333333 0.0518518518519
2 0.621614583333 0.183333333333 0.0255208333333 0.0611111111111
2 0.6875 0.155555555556 0.025 0.0537037037037
2 0.66953125 0.123148148148 0.0223958333333 0.0444444444444
