1 0.850520833333 0.243518518519 0.0489583333333 0.112962962963
1 0.67890625 0.175925925926 0.0338541666667 0.0759259259259
0 0.0911458333333 0.248611111111 0.0489583333333 0.0990740740741
2 0.1921875 0.198148148148 0.0427083333333 0.0796296296296
2 0.29375 0.152314814815 0.0333333333333 0.0675925925926
2 0.38984375 0.120833333333 0.0234375 0.0564814814815
2 0.503385416667 0.107407407407 0.0234375 0.0481481481481
2 0.629166666667 0.139351851852 0.034375 0.0657407407407
2 0.69140625 0.114814814815 0.0203125 0.0555555555556
2 0.675 0.0768518518519 0.0166666666667 0.0425925925926
