1 0.852083333333 0.243981481481 0.05 0.115740740741
1 0.67734375 0.168055555556 0.0307291666667 0.0824074074074
2 0.691666666667 0.110185185185 0.021875 0.0537037037037
2 0.671614583333 0.0726851851852 0.0192708333333 0.0472222222222
2 0.623177083333 0.136111111111 0.0265625 0.0666666666667
2 0.5015625 0.0935185185185 0.0197916666667 0.0407407407407
2 0.38671875 0.112962962963 0.0255208333333 0.0518518518519
2 0.28984375 0.141666666667 0.0286458333333 0.0666666666667
2 0.184895833333 0.184259259259 0.0375 0.0796296296296
0 0.0841145833333 0.237962962963 0.0515625 0.0962962962963
