1 0.861197916667 0.258796296296 0.0526041666667 0.115740740741
1 0.68359375 0.178240740741 0.0328125 0.0731481481481
0 0.08671875 0.238888888889 0.0453125 0.1
2 0.188020833333 0.18287037037 0.0416666666667 0.087962962963
2 0.291666666667 0.141203703704 0.0270833333333 0.0675925925926
2 0.38984375 0.112962962963 0.0213541666667 0.05
2 0.503385416667 0.100462962963 0.0234375 0.0490740740741
2 0.6296875 0.139351851852 0.0302083333333 0.0657407407407
2 0.695052083333 0.114351851852 0.0244791666667 0.0490740740741
2 0.826822916667 0.0856481481481 0.0171875 0.0509259259259
2 0.675 0.0810185185185 0.01875 0.0453703703704
