1 0.937760416667 0.29212962963 0.0536458333333 0.115740740741
1 0.741666666667 0.213425925926 0.040625 0.0824074074074
0 0.136979166667 0.300925925926 0.05 0.111111111111
2 0.240104166667 0.241203703704 0.0416666666667 0.075
2 0.346875 0.190740740741 0.0270833333333 0.0648148148148
2 0.439322916667 0.15787037037 0.0265625 0.0509259259259
2 0.554166666667 0.141666666667 0.021875 0.0462962962963
2 0.682552083333 0.17962962963 0.0317708333333 0.0611111111111
2 0.75234375 0.146296296296 0.0192708333333 0.0574074074074
2 0.88984375 0.121296296296 0.0244791666667 0.0462962962963
2 0.729947916667 0.113425925926 0.0182291666667 0.0416666666667
