1 0.97421875 0.287037037037 0.0515625 0.12037037037
1 0.76953125 0.197685185185 0.0380208333333 0.0787037037037
0 0.147395833333 0.278240740741 0.0489583333333 0.102777777778
2 0.25 0.215740740741 0.04375 0.0851851851852
2 0.361458333333 0.166203703704 0.0291666666667 0.062037037037
2 0.45703125 0.133796296296 0.0244791666667 0.0546296296296
2 0.573697916667 0.115740740741 0.0223958333333 0.0462962962963
2 0.710677083333 0.158333333333 0.0286458333333 0.0740740740741
2 0.777604166667 0.126388888889 0.0229166666667 0.0509259259259
2 0.918229166667 0.0967592592593 0.03125 0.0490740740741
2 0.754947916667 0.087037037037 0.0244791666667 0.0481481481481
