1 0.974739583333 0.280555555556 0.0505208333333 0.133333333333
1 0.764583333333 0.188425925926 0.0416666666667 0.0842592592593
0 0.136197916667 0.277314814815 0.0526041666667 0.0990740740741
2 0.245052083333 0.214814814815 0.0432291666667 0.0851851851852
2 0.354166666667 0.162962962963 0.0364583333333 0.0685185185185
2 0.453645833333 0.132407407407 0.0229166666667 0.0574074074074
2 0.70546875 0.152777777778 0.0348958333333 0.0648148148148
2 0.775260416667 0.123611111111 0.0276041666667 0.0509259259259
2 0.919010416667 0.087962962963 0.0276041666667 0.05
2 0.75 0.0814814814815 0.0197916666667 0.0444444444444
2 0.5671875 0.109259259259 0.0197916666667 0.0518518518519
