1 0.947916666667 0.320833333333 0.0520833333333 0.134259259259
1 0.730989583333 0.213425925926 0.0421875 0.087962962963
2 0.670833333333 0.177777777778 0.0270833333333 0.0722222222222
0 0.0932291666667 0.299074074074 0.0520833333333 0.103703703704
2 0.207291666667 0.241666666667 0.0447916666667 0.0814814814815
2 0.321875 0.1875 0.0375 0.0657407407407
2 0.420572916667 0.155555555556 0.0276041666667 0.062962962963
2 0.535416666667 0.13287037037 0.0208333333333 0.0527777777778
2 0.738541666667 0.146759259259 0.0302083333333 0.0601851851852
2 0.716145833333 0.108333333333 0.0208333333333 0.0481481481481
2 0.875520833333 0.117592592593 0.0260416666667 0.05
