1 0.924479166667 0.325925925926 0.0635416666667 0.12962962963
1 0.706510416667 0.233333333333 0.0401041666667 0.0796296296296
0 0.0513020833333 0.333796296296 0.0630208333333 0.108333333333
2 0.1703125 0.261574074074 0.04375 0.0842592592593
2 0.287760416667 0.209259259259 0.0307291666667 0.0648148148148
2 0.38828125 0.172685185185 0.0255208333333 0.0546296296296
2 0.505729166667 0.149537037037 0.0208333333333 0.037962962963
2 0.64609375 0.191203703704 0.0307291666667 0.0731481481481
2 0.71171875 0.160648148148 0.0234375 0.0509259259259
2 0.846614583333 0.13287037037 0.0276041666667 0.0564814814815
2 0.685416666667 0.117592592593 0.0208333333333 0.0481481481481
