1 0.872916666667 0.321296296296 0.059375 0.138888888889
1 0.652864583333 0.222222222222 0.0359375 0.0722222222222
2 0.0953125 0.269444444444 0.046875 0.0925925925926
2 0.223697916667 0.206481481481 0.0380208333333 0.0703703703704
2 0.326041666667 0.169444444444 0.0260416666667 0.0611111111111
2 0.448958333333 0.138888888889 0.0229166666667 0.0555555555556
2 0.587760416667 0.185648148148 0.0348958333333 0.075
2 0.7828125 0.118055555556 0.0229166666667 0.0490740740741
2 0.65625 0.151388888889 0.0270833333333 0.0583333333333
2 0.62578125 0.114351851852 0.0223958333333 0.0472222222222
