1 0.877864583333 0.338888888889 0.0619791666667 0.146296296296
1 0.653125 0.234259259259 0.0385416666667 0.0759259259259
2 0.09140625 0.26712962963 0.0557291666667 0.0916666666667
2 0.215885416667 0.211574074074 0.0338541666667 0.0638888888889
2 0.324479166667 0.171296296296 0.0270833333333 0.0574074074074
2 0.591927083333 0.194444444444 0.0307291666667 0.0666666666667
2 0.786458333333 0.130092592593 0.0270833333333 0.0435185185185
2 0.449479166667 0.152777777778 0.0260416666667 0.0555555555556
2 0.6578125 0.159259259259 0.034375 0.0555555555556
2 0.624479166667 0.121296296296 0.0135416666667 0.0425925925926
