1 0.912760416667 0.338425925926 0.0640625 0.141666666667
1 0.677604166667 0.23287037037 0.0385416666667 0.0842592592593
2 0.112760416667 0.283333333333 0.0484375 0.0925925925926
2 0.24140625 0.218055555556 0.0307291666667 0.075
2 0.347916666667 0.183796296296 0.028125 0.062037037037
2 0.611197916667 0.196759259259 0.0317708333333 0.075
2 0.67890625 0.1625 0.0276041666667 0.0601851851852
2 0.811458333333 0.126851851852 0.025 0.0481481481481
2 0.471354166667 0.152314814815 0.0260416666667 0.0546296296296
2 0.649739583333 0.114814814815 0.0192708333333 0.0481481481481
