1 0.911979166667 0.355092592593 0.0614583333333 0.137962962963
1 0.671354166667 0.251388888889 0.0416666666667 0.0842592592593
2 0.09609375 0.295833333333 0.0463541666667 0.102777777778
2 0.22734375 0.224074074074 0.0348958333333 0.0759259259259
2 0.6046875 0.20787037037 0.0333333333333 0.0712962962963
2 0.672395833333 0.170833333333 0.0322916666667 0.0638888888889
2 0.805729166667 0.134259259259 0.025 0.0537037037037
2 0.33984375 0.185185185185 0.0255208333333 0.0518518518519
2 0.46328125 0.163888888889 0.0265625 0.0425925925926
2 0.645572916667 0.130092592593 0.0234375 0.0453703703704
