1 0.92421875 0.365277777778 0.0651041666667 0.143518518519
1 0.679166666667 0.25787037037 0.0427083333333 0.087962962963
2 0.0973958333333 0.29537037037 0.0552083333333 0.0925925925926
2 0.23046875 0.231018518519 0.0359375 0.0768518518519
2 0.340885416667 0.189351851852 0.0307291666667 0.062037037037
2 0.46953125 0.164351851852 0.0223958333333 0.0509259259259
2 0.6125 0.211111111111 0.0322916666667 0.0722222222222
2 0.680989583333 0.175 0.0317708333333 0.0518518518519
2 0.813541666667 0.140277777778 0.0302083333333 0.0435185185185
2 0.652604166667 0.133333333333 0.0208333333333 0.0388888888889
