1 0.941666666667 0.37037037037 0.0677083333333 0.157407407407
1 0.691666666667 0.254166666667 0.0447916666667 0.087962962963
2 0.61953125 0.207407407407 0.0286458333333 0.0888888888889
2 0.687239583333 0.163888888889 0.0328125 0.0666666666667
2 0.825 0.133796296296 0.03125 0.0583333333333
2 0.65859375 0.124537037037 0.0213541666667 0.0472222222222
2 0.47421875 0.156944444444 0.0234375 0.0509259259259
2 0.352604166667 0.181481481481 0.0270833333333 0.0592592592593
2 0.236458333333 0.225 0.0322916666667 0.0777777777778
2 0.0963541666667 0.294907407407 0.0489583333333 0.0935185185185
