1 0.951302083333 0.386111111111 0.0692708333333 0.153703703704
1 0.69609375 0.265277777778 0.0421875 0.0842592592593
2 0.0966145833333 0.29212962963 0.0505208333333 0.110185185185
2 0.234635416667 0.223611111111 0.0328125 0.075
2 0.352604166667 0.189814814815 0.0270833333333 0.0611111111111
2 0.479427083333 0.165277777778 0.0213541666667 0.0546296296296
2 0.62421875 0.21712962963 0.0328125 0.075
2 0.69375 0.179166666667 0.0291666666667 0.062037037037
2 0.831510416667 0.144907407407 0.0223958333333 0.062037037037
2 0.664583333333 0.137962962963 0.0208333333333 0.0462962962963
