1 0.960677083333 0.431944444444 0.0723958333333 0.160185185185
1 0.694270833333 0.288888888889 0.0427083333333 0.0944444444444
2 0.627604166667 0.248611111111 0.0291666666667 0.0694444444444
2 0.0940104166667 0.309259259259 0.0536458333333 0.101851851852
2 0.235677083333 0.250925925926 0.0328125 0.0740740740741
2 0.351041666667 0.209259259259 0.0239583333333 0.0592592592593
2 0.479166666667 0.189814814815 0.025 0.0537037037037
2 0.694270833333 0.205092592593 0.028125 0.0657407407407
2 0.829947916667 0.177777777778 0.0244791666667 0.0518518518519
2 0.665364583333 0.159722222222 0.0223958333333 0.0509259259259
