1 0.930208333333 0.411574074074 0.0708333333333 0.150925925926
1 0.653125 0.2875 0.0385416666667 0.0861111111111
2 0.02421875 0.335185185185 0.0442708333333 0.0981481481481
2 0.1765625 0.258796296296 0.040625 0.075
2 0.296354166667 0.211574074074 0.025 0.0657407407407
2 0.577864583333 0.237962962963 0.0328125 0.0740740740741
2 0.643489583333 0.200462962963 0.0255208333333 0.0583333333333
2 0.776041666667 0.158796296296 0.021875 0.0546296296296
2 0.612760416667 0.153240740741 0.0192708333333 0.0453703703704
2 0.425260416667 0.187962962963 0.0223958333333 0.0518518518519
