1 0.927864583333 0.434259259259 0.0765625 0.164814814815
1 0.644010416667 0.294907407407 0.0463541666667 0.0861111111111
2 0.0205729166667 0.340740740741 0.0401041666667 0.114814814815
2 0.165364583333 0.265740740741 0.0348958333333 0.0722222222222
2 0.288020833333 0.219907407407 0.0322916666667 0.0675925925926
2 0.422135416667 0.198148148148 0.0265625 0.0537037037037
2 0.571354166667 0.248611111111 0.0364583333333 0.0824074074074
2 0.604427083333 0.161111111111 0.0203125 0.0444444444444
2 0.638020833333 0.207407407407 0.03125 0.0555555555556
2 0.769270833333 0.171296296296 0.0229166666667 0.0518518518519
