1 0.959114583333 0.440740740741 0.0713541666667 0.157407407407
1 0.6609375 0.309259259259 0.0479166666667 0.0944444444444
2 0.02265625 0.379166666667 0.0421875 0.110185185185
2 0.585677083333 0.263425925926 0.0369791666667 0.0731481481481
2 0.65 0.219444444444 0.03125 0.0592592592593
2 0.782291666667 0.179166666667 0.025 0.0527777777778
2 0.61484375 0.173611111111 0.0213541666667 0.0435185185185
2 0.429947916667 0.213425925926 0.0234375 0.0564814814815
2 0.296875 0.243055555556 0.0270833333333 0.0583333333333
2 0.175 0.297222222222 0.040625 0.0722222222222
