1 0.9734375 0.464351851852 0.053125 0.178703703704
1 0.679947916667 0.328240740741 0.0442708333333 0.0990740740741
2 0.600520833333 0.274074074074 0.0322916666667 0.0722222222222
2 0.670572916667 0.225925925926 0.0307291666667 0.0666666666667
2 0.804166666667 0.186111111111 0.0260416666667 0.0481481481481
2 0.0291666666667 0.384259259259 0.0541666666667 0.109259259259
2 0.1890625 0.298148148148 0.0427083333333 0.0777777777778
2 0.315625 0.250925925926 0.0270833333333 0.0611111111111
2 0.448177083333 0.221759259259 0.0213541666667 0.0527777777778
2 0.635416666667 0.183333333333 0.0208333333333 0.0537037037037
