2 0.8234375 0.584259259259 0.0895833333333 0.192592592593
0 0.966666666667 0.274074074074 0.05 0.0981481481481
1 0.979166666667 0.175 0.0364583333333 0.0888888888889
0 0.753385416667 0.17037037037 0.0369791666667 0.0722222222222
0 0.603125 0.125462962963 0.0291666666667 0.0657407407407
0 0.601041666667 0.351851851852 0.0604166666667 0.125925925926
0 0.410677083333 0.208333333333 0.0348958333333 0.1
0 0.250260416667 0.139351851852 0.0307291666667 0.0657407407407
0 0.170572916667 0.0884259259259 0.0296875 0.0583333333333
0 0.227604166667 0.062962962963 0.0229166666667 0.05
