2 0.754166666667 0.574537037037 0.0875 0.182407407407
0 0.89140625 0.268518518519 0.0442708333333 0.103703703704
1 0.90390625 0.173148148148 0.0359375 0.0722222222222
0 0.68828125 0.172222222222 0.0317708333333 0.0759259259259
0 0.5390625 0.130092592593 0.0260416666667 0.0712962962963
0 0.538020833333 0.356481481481 0.0583333333333 0.127777777778
0 0.344791666667 0.218981481481 0.040625 0.0935185185185
0 0.18203125 0.152777777778 0.0328125 0.0759259259259
0 0.096875 0.102777777778 0.025 0.0648148148148
0 0.1578125 0.0777777777778 0.0260416666667 0.05
