2 0.698697916667 0.591203703704 0.0911458333333 0.171296296296
0 0.828125 0.28287037037 0.0447916666667 0.102777777778
1 0.838802083333 0.188888888889 0.0348958333333 0.0759259259259
0 0.63125 0.19212962963 0.0364583333333 0.075
0 0.486458333333 0.383333333333 0.0520833333333 0.12037037037
0 0.487760416667 0.150462962963 0.0276041666667 0.0638888888889
0 0.2921875 0.246759259259 0.040625 0.0990740740741
0 0.1203125 0.181944444444 0.0364583333333 0.0712962962963
0 0.0341145833333 0.137962962963 0.0265625 0.0611111111111
0 0.09609375 0.107407407407 0.0234375 0.0555555555556
