2 0.64765625 0.619444444444 0.0848958333333 0.185185185185
0 0.768489583333 0.302777777778 0.0411458333333 0.0944444444444
1 0.939322916667 0.291666666667 0.0453125 0.0888888888889
1 0.777864583333 0.207407407407 0.0369791666667 0.0722222222222
0 0.577864583333 0.218518518519 0.0296875 0.0777777777778
0 0.434635416667 0.182407407407 0.0286458333333 0.0685185185185
0 0.4359375 0.4125 0.0583333333333 0.125
0 0.23671875 0.283796296296 0.0380208333333 0.0861111111111
0 0.0575520833333 0.216666666667 0.0390625 0.0685185185185
0 0.0338541666667 0.140740740741 0.021875 0.0518518518519
