1 0.788802083333 0.234259259259 0.0421875 0.0944444444444
1 0.591927083333 0.160185185185 0.0307291666667 0.0740740740741
1 0.473177083333 0.131481481481 0.0328125 0.0574074074074
1 0.3703125 0.109722222222 0.021875 0.0490740740741
1 0.283854166667 0.0898148148148 0.0166666666667 0.0388888888889
2 0.381770833333 0.0490740740741 0.0104166666667 0.0296296296296
2 0.247916666667 0.0796296296296 0.01875 0.0388888888889
2 0.275260416667 0.0435185185185 0.00989583333333 0.0277777777778
2 0.0494791666667 0.0740740740741 0.01875 0.0333333333333
0 0.145572916667 0.376851851852 0.0682291666667 0.15
0 0.0190104166667 0.239351851852 0.0369791666667 0.0916666666667
