1 0.790625 0.237962962963 0.0447916666667 0.105555555556
1 0.59296875 0.169907407407 0.0296875 0.0694444444444
1 0.475 0.136574074074 0.0302083333333 0.0564814814815
1 0.372395833333 0.115740740741 0.0270833333333 0.05
1 0.28671875 0.0981481481481 0.0171875 0.037037037037
2 0.383072916667 0.0537037037037 0.0130208333333 0.0314814814815
2 0.249739583333 0.0847222222222 0.0161458333333 0.037962962963
2 0.2765625 0.0481481481481 0.009375 0.0222222222222
2 0.292708333333 0.0638888888889 0.009375 0.0259259259259
2 0.0528645833333 0.0763888888889 0.0161458333333 0.0324074074074
2 0.143229166667 0.0643518518519 0.009375 0.0342592592593
0 0.147916666667 0.381944444444 0.065625 0.150925925926
0 0.0190104166667 0.243055555556 0.0369791666667 0.100925925926
