2 0.384375 0.0680555555556 0.0125 0.0342592592593
2 0.291927083333 0.0810185185185 0.0151041666667 0.0268518518519
2 0.276302083333 0.062037037037 0.00989583333333 0.0240740740741
2 0.248177083333 0.0958333333333 0.0192708333333 0.037962962963
2 0.05078125 0.0935185185185 0.0223958333333 0.0314814814815
2 0.1421875 0.0796296296296 0.015625 0.0314814814815
0 0.144791666667 0.4 0.0625 0.157407407407
0 0.0184895833333 0.260185185185 0.0359375 0.0944444444444
1 0.790364583333 0.248148148148 0.0453125 0.101851851852
1 0.59375 0.179166666667 0.0270833333333 0.0694444444444
1 0.472916666667 0.146759259259 0.0291666666667 0.0564814814815
1 0.371354166667 0.127777777778 0.0197916666667 0.0481481481481
1 0.284895833333 0.110185185185 0.0208333333333 0.0388888888889
