0 0.14375 0.409722222222 0.06875 0.15462962963
0 0.0182291666667 0.26712962963 0.0354166666667 0.100925925926
1 0.795833333333 0.253240740741 0.04375 0.10462962963
1 0.598697916667 0.181018518519 0.0286458333333 0.0731481481481
1 0.477604166667 0.152777777778 0.025 0.0611111111111
1 0.373177083333 0.130092592593 0.0213541666667 0.0546296296296
1 0.288541666667 0.116203703704 0.01875 0.037962962963
2 0.388020833333 0.0708333333333 0.0135416666667 0.0324074074074
2 0.253645833333 0.103240740741 0.0177083333333 0.0361111111111
2 0.297916666667 0.087037037037 0.0145833333333 0.0333333333333
2 0.282291666667 0.0675925925926 0.0104166666667 0.0222222222222
2 0.0580729166667 0.100462962963 0.0161458333333 0.0361111111111
2 0.147395833333 0.0861111111111 0.0166666666667 0.0351851851852
