1 0.80234375 0.27037037037 0.0473958333333 0.1
1 0.599739583333 0.1875 0.0286458333333 0.0712962962963
1 0.481770833333 0.156944444444 0.0270833333333 0.0601851851852
1 0.376302083333 0.13287037037 0.0203125 0.0472222222222
1 0.2921875 0.113888888889 0.0197916666667 0.0425925925926
0 0.1359375 0.40787037037 0.06875 0.15462962963
0 0.0169270833333 0.258333333333 0.0328125 0.0944444444444
2 0.392447916667 0.0717592592593 0.0130208333333 0.0287037037037
2 0.255729166667 0.0986111111111 0.0229166666667 0.037962962963
2 0.284895833333 0.0648148148148 0.0104166666667 0.0259259259259
2 0.300520833333 0.0865740740741 0.0125 0.0324074074074
2 0.0588541666667 0.0907407407407 0.0145833333333 0.037037037037
2 0.149479166667 0.0800925925926 0.0125 0.0324074074074
