1 0.819010416667 0.262962962963 0.0505208333333 0.107407407407
1 0.61328125 0.176851851852 0.0307291666667 0.0740740740741
1 0.49296875 0.142592592593 0.0265625 0.0555555555556
1 0.388541666667 0.12037037037 0.0239583333333 0.0555555555556
1 0.301041666667 0.0967592592593 0.0177083333333 0.0398148148148
2 0.266927083333 0.0837962962963 0.0203125 0.0398148148148
2 0.404427083333 0.0564814814815 0.0130208333333 0.0333333333333
2 0.312760416667 0.0685185185185 0.0130208333333 0.037037037037
2 0.296875 0.0490740740741 0.0104166666667 0.0240740740741
2 0.0703125 0.0694444444444 0.0135416666667 0.037037037037
2 0.0106770833333 0.0865740740741 0.0203125 0.0435185185185
2 0.160416666667 0.0597222222222 0.0145833333333 0.0342592592593
0 0.1421875 0.390740740741 0.0614583333333 0.159259259259
0 0.0197916666667 0.242592592593 0.0385416666667 0.1
