0 0.1390625 0.390277777778 0.0697916666667 0.167592592593
0 0.0197916666667 0.23287037037 0.0385416666667 0.102777777778
1 0.82734375 0.240277777778 0.0453125 0.106481481481
1 0.619270833333 0.160185185185 0.0302083333333 0.0740740740741
1 0.49609375 0.125462962963 0.0276041666667 0.062037037037
1 0.390364583333 0.101388888889 0.0234375 0.0564814814815
1 0.3015625 0.0875 0.0177083333333 0.0398148148148
2 0.406510416667 0.0412037037037 0.0140625 0.0305555555556
2 0.31328125 0.0574074074074 0.0130208333333 0.0314814814815
2 0.266666666667 0.0671296296296 0.0177083333333 0.0398148148148
2 0.29609375 0.0356481481481 0.00885416666667 0.0305555555556
2 0.16171875 0.0472222222222 0.0182291666667 0.0351851851852
2 0.0705729166667 0.062037037037 0.0130208333333 0.0333333333333
2 0.0111979166667 0.0773148148148 0.0213541666667 0.0472222222222
