1 0.833854166667 0.243055555556 0.0458333333333 0.108333333333
1 0.622135416667 0.153703703704 0.0296875 0.0777777777778
1 0.501302083333 0.120833333333 0.0265625 0.0657407407407
1 0.395052083333 0.0967592592593 0.0182291666667 0.0490740740741
1 0.308072916667 0.074537037037 0.0213541666667 0.0361111111111
2 0.41015625 0.0342592592593 0.0161458333333 0.0277777777778
2 0.318489583333 0.0453703703704 0.0161458333333 0.0314814814815
2 0.3015625 0.025462962963 0.0125 0.0287037037037
2 0.272395833333 0.0611111111111 0.01875 0.0425925925926
2 0.0763020833333 0.0513888888889 0.0192708333333 0.0342592592593
2 0.0138020833333 0.0685185185185 0.0203125 0.0425925925926
0 0.13359375 0.385648148148 0.0734375 0.163888888889
0 0.0190104166667 0.222685185185 0.0369791666667 0.100925925926
