1 0.847916666667 0.243055555556 0.0447916666667 0.117592592593
1 0.635677083333 0.156944444444 0.0307291666667 0.0787037037037
1 0.509114583333 0.119444444444 0.0286458333333 0.0648148148148
1 0.4046875 0.0976851851852 0.021875 0.0490740740741
1 0.3171875 0.0782407407407 0.01875 0.037962962963
2 0.421354166667 0.0356481481481 0.0104166666667 0.0305555555556
2 0.328385416667 0.0472222222222 0.0130208333333 0.0333333333333
2 0.3140625 0.0291666666667 0.009375 0.025
2 0.282552083333 0.0638888888889 0.0151041666667 0.0425925925926
2 0.178385416667 0.0393518518519 0.0109375 0.0342592592593
2 0.0869791666667 0.0569444444444 0.0145833333333 0.0361111111111
2 0.0263020833333 0.0740740740741 0.0192708333333 0.0444444444444
0 0.139583333333 0.39537037037 0.0729166666667 0.168518518519
0 0.0239583333333 0.231481481481 0.0458333333333 0.101851851852
