1 0.876302083333 0.275462962963 0.0473958333333 0.119444444444
1 0.658072916667 0.181018518519 0.0328125 0.0768518518519
1 0.533333333333 0.143981481481 0.0302083333333 0.0638888888889
1 0.429166666667 0.121759259259 0.0177083333333 0.0527777777778
1 0.34453125 0.099537037037 0.0161458333333 0.0435185185185
2 0.447916666667 0.0555555555556 0.0145833333333 0.037037037037
2 0.35546875 0.0717592592593 0.0130208333333 0.0324074074074
2 0.341666666667 0.0472222222222 0.0114583333333 0.0333333333333
2 0.308854166667 0.0833333333333 0.0177083333333 0.0388888888889
2 0.209375 0.0634259259259 0.0114583333333 0.0305555555556
2 0.118489583333 0.0740740740741 0.0161458333333 0.037037037037
2 0.0578125 0.0925925925926 0.0208333333333 0.0388888888889
2 0.00989583333333 0.113425925926 0.01875 0.0509259259259
0 0.155208333333 0.417592592593 0.0739583333333 0.166666666667
0 0.0463541666667 0.248611111111 0.0489583333333 0.102777777778
