1 0.922916666667 0.274537037037 0.046875 0.117592592593
1 0.695572916667 0.173148148148 0.0328125 0.0814814814815
1 0.567447916667 0.131481481481 0.0286458333333 0.0685185185185
1 0.46484375 0.108333333333 0.0223958333333 0.0444444444444
1 0.376302083333 0.0856481481481 0.0182291666667 0.0398148148148
2 0.48515625 0.0412037037037 0.0140625 0.0324074074074
2 0.392447916667 0.0564814814815 0.0140625 0.0351851851852
2 0.346614583333 0.0726851851852 0.0161458333333 0.0361111111111
2 0.37734375 0.0365740740741 0.0119791666667 0.0305555555556
2 0.158333333333 0.0625 0.015625 0.0342592592593
2 0.0973958333333 0.0768518518519 0.0166666666667 0.0444444444444
2 0.0497395833333 0.0976851851852 0.0244791666667 0.0509259259259
0 0.18046875 0.412962962963 0.0692708333333 0.174074074074
0 0.0815104166667 0.236574074074 0.0484375 0.0953703703704
0 0.0119791666667 0.166203703704 0.0229166666667 0.0675925925926
0 0.0171875 0.119444444444 0.0260416666667 0.0592592592593
