1 0.945833333333 0.285185185185 0.0510416666667 0.116666666667
1 0.717447916667 0.181944444444 0.0317708333333 0.0768518518519
1 0.587760416667 0.139814814815 0.0296875 0.0611111111111
1 0.484114583333 0.116203703704 0.0223958333333 0.0527777777778
1 0.398958333333 0.0907407407407 0.01875 0.0425925925926
2 0.50625 0.0453703703704 0.0145833333333 0.0314814814815
2 0.413020833333 0.0625 0.0177083333333 0.0342592592593
2 0.400260416667 0.0384259259259 0.00885416666667 0.0268518518519
2 0.369270833333 0.075 0.0145833333333 0.0388888888889
2 0.18359375 0.0643518518519 0.0151041666667 0.0342592592593
2 0.124739583333 0.0796296296296 0.0171875 0.0407407407407
2 0.0765625 0.102314814815 0.0197916666667 0.0490740740741
0 0.0432291666667 0.122222222222 0.0270833333333 0.0537037037037
0 0.0315104166667 0.165277777778 0.0296875 0.075
0 0.101822916667 0.24212962963 0.0442708333333 0.100925925926
0 0.192708333333 0.415740740741 0.0729166666667 0.164814814815
