1 0.966927083333 0.294444444444 0.0536458333333 0.116666666667
1 0.730729166667 0.186111111111 0.034375 0.0740740740741
1 0.604166666667 0.143518518519 0.025 0.062962962963
1 0.498697916667 0.115277777778 0.0203125 0.0490740740741
1 0.415625 0.0916666666667 0.0177083333333 0.0425925925926
2 0.522135416667 0.049537037037 0.0119791666667 0.0287037037037
2 0.42890625 0.062962962963 0.0109375 0.0296296296296
2 0.417447916667 0.0416666666667 0.0109375 0.0259259259259
2 0.383854166667 0.0787037037037 0.0114583333333 0.037037037037
2 0.202083333333 0.0662037037037 0.0145833333333 0.0324074074074
2 0.144270833333 0.0805555555556 0.0166666666667 0.0407407407407
2 0.0901041666667 0.102314814815 0.021875 0.0490740740741
0 0.201041666667 0.418518518519 0.0697916666667 0.168518518519
0 0.115885416667 0.239814814815 0.0442708333333 0.1
0 0.04609375 0.165740740741 0.0338541666667 0.0703703703704
0 0.05859375 0.124074074074 0.0296875 0.0555555555556
