1 0.976041666667 0.29537037037 0.046875 0.124074074074
1 0.741145833333 0.1875 0.0333333333333 0.0787037037037
1 0.610677083333 0.141666666667 0.0265625 0.0666666666667
1 0.50390625 0.11712962963 0.0213541666667 0.0509259259259
1 0.423958333333 0.0898148148148 0.0145833333333 0.0388888888889
2 0.528385416667 0.0476851851852 0.0119791666667 0.0305555555556
2 0.436458333333 0.062962962963 0.015625 0.0314814814815
2 0.42421875 0.0412037037037 0.0119791666667 0.0231481481481
2 0.39140625 0.0800925925926 0.0182291666667 0.0416666666667
2 0.208333333333 0.0666666666667 0.015625 0.0296296296296
2 0.15 0.0819444444444 0.0166666666667 0.0416666666667
2 0.0986979166667 0.102314814815 0.0255208333333 0.0490740740741
0 0.06640625 0.124537037037 0.0296875 0.0490740740741
0 0.0536458333333 0.166666666667 0.0354166666667 0.0703703703704
0 0.1203125 0.246296296296 0.0479166666667 0.105555555556
0 0.20390625 0.429166666667 0.0734375 0.167592592593
