0 0.802083333333 0.132407407407 0.0260416666667 0.0833333333333
0 0.988020833333 0.0555555555556 0.021875 0.0555555555556
0 0.743229166667 0.0768518518519 0.025 0.0666666666667
0 0.663802083333 0.0435185185185 0.0192708333333 0.0518518518519
0 0.691927083333 0.0189814814815 0.0182291666667 0.0361111111111
0 0.634375 0.0268518518519 0.015625 0.0388888888889
2 0.876302083333 0.413425925926 0.0901041666667 0.213888888889
2 0.822916666667 0.213425925926 0.053125 0.123148148148
1 0.396875 0.0310185185185 0.015625 0.0398148148148
1 0.329166666667 0.0467592592593 0.0197916666667 0.0509259259259
1 0.2765625 0.0731481481481 0.028125 0.0518518518519
1 0.23046875 0.105555555556 0.0296875 0.0648148148148
1 0.0940104166667 0.186111111111 0.0546875 0.0944444444444
