2 0.530208333333 0.0407407407407 0.0114583333333 0.0296296296296
2 0.4375 0.0560185185185 0.0125 0.0287037037037
2 0.426041666667 0.0328703703704 0.0104166666667 0.025
2 0.391666666667 0.0708333333333 0.0145833333333 0.0416666666667
2 0.2078125 0.0564814814815 0.015625 0.037037037037
2 0.148958333333 0.0717592592593 0.0145833333333 0.0398148148148
2 0.0994791666667 0.0902777777778 0.021875 0.0490740740741
0 0.065625 0.1125 0.025 0.0601851851852
0 0.0484375 0.158333333333 0.0322916666667 0.0666666666667
0 0.11328125 0.235185185185 0.0484375 0.109259259259
0 0.194010416667 0.426388888889 0.0734375 0.169444444444
1 0.425 0.0847222222222 0.01875 0.0416666666667
1 0.50625 0.108796296296 0.0229166666667 0.0546296296296
1 0.611979166667 0.138425925926 0.028125 0.0657407407407
1 0.743489583333 0.184722222222 0.0359375 0.0787037037037
1 0.977604166667 0.298611111111 0.0447916666667 0.115740740741
