1 0.0489583333333 0.22037037037 0.053125 0.101851851852
1 0.188020833333 0.134259259259 0.0354166666667 0.0666666666667
1 0.2375 0.100925925926 0.0260416666667 0.0574074074074
1 0.2921875 0.0773148148148 0.0239583333333 0.0453703703704
1 0.359375 0.0537037037037 0.0197916666667 0.0388888888889
2 0.83359375 0.428703703704 0.0869791666667 0.2
2 0.778125 0.229166666667 0.05625 0.117592592593
0 0.758854166667 0.151851851852 0.034375 0.0833333333333
0 0.703385416667 0.0986111111111 0.0276041666667 0.0657407407407
0 0.626822916667 0.0638888888889 0.0203125 0.0481481481481
0 0.65390625 0.0333333333333 0.0161458333333 0.0444444444444
0 0.59609375 0.0472222222222 0.0171875 0.0444444444444
0 0.942447916667 0.0652777777778 0.0223958333333 0.0601851851852
