1 0.770052083333 0.185185185185 0.0348958333333 0.0796296296296
1 0.63671875 0.138888888889 0.0307291666667 0.062962962963
1 0.52890625 0.112962962963 0.0213541666667 0.0555555555556
1 0.44296875 0.0930555555556 0.0192708333333 0.0398148148148
2 0.554166666667 0.0449074074074 0.0135416666667 0.0287037037037
2 0.459635416667 0.0638888888889 0.0140625 0.037037037037
2 0.44765625 0.0388888888889 0.0119791666667 0.0277777777778
2 0.411458333333 0.0722222222222 0.015625 0.0407407407407
2 0.231510416667 0.0652777777778 0.0182291666667 0.0361111111111
2 0.17265625 0.0819444444444 0.0192708333333 0.037962962963
2 0.121875 0.102777777778 0.025 0.05
0 0.0875 0.123148148148 0.021875 0.0574074074074
0 0.0708333333333 0.168518518519 0.0322916666667 0.0685185185185
0 0.134895833333 0.248611111111 0.0510416666667 0.100925925926
0 0.211458333333 0.445833333333 0.0770833333333 0.171296296296
