0 0.738541666667 0.153703703704 0.0260416666667 0.0796296296296
0 0.921614583333 0.0615740740741 0.0223958333333 0.062037037037
0 0.67890625 0.0939814814815 0.0286458333333 0.0675925925926
0 0.609635416667 0.0675925925926 0.0244791666667 0.0481481481481
0 0.635677083333 0.037037037037 0.0182291666667 0.0444444444444
0 0.576302083333 0.0486111111111 0.0182291666667 0.0416666666667
2 0.809114583333 0.438888888889 0.0901041666667 0.207407407407
2 0.757552083333 0.231018518519 0.0463541666667 0.117592592593
1 0.34140625 0.0606481481481 0.0151041666667 0.0416666666667
1 0.2734375 0.087037037037 0.021875 0.0444444444444
1 0.21640625 0.113888888889 0.0265625 0.0537037037037
1 0.166927083333 0.147222222222 0.0338541666667 0.0666666666667
1 0.0247395833333 0.239814814815 0.0484375 0.0962962962963
