1 0.759114583333 0.191203703704 0.0348958333333 0.0842592592593
1 0.624479166667 0.14537037037 0.0302083333333 0.0611111111111
1 0.515885416667 0.12037037037 0.0223958333333 0.05
1 0.432291666667 0.0967592592593 0.01875 0.0398148148148
2 0.541927083333 0.0490740740741 0.0151041666667 0.0296296296296
2 0.446875 0.0708333333333 0.0135416666667 0.0305555555556
2 0.434375 0.0449074074074 0.00833333333333 0.025
2 0.401302083333 0.0842592592593 0.0140625 0.0388888888889
2 0.216927083333 0.0736111111111 0.0119791666667 0.0342592592593
2 0.155729166667 0.0902777777778 0.0208333333333 0.0398148148148
2 0.103125 0.112037037037 0.0239583333333 0.0518518518519
0 0.0703125 0.137037037037 0.0260416666667 0.0574074074074
0 0.0526041666667 0.181481481481 0.0364583333333 0.0740740740741
0 0.114322916667 0.263888888889 0.0473958333333 0.105555555556
0 0.19375 0.472222222222 0.08125 0.187037037037
