0 0.88125 0.0763888888889 0.021875 0.0564814814815
0 0.986458333333 0.102777777778 0.025 0.0740740740741
0 0.697916666667 0.1625 0.0260416666667 0.0787037037037
0 0.6453125 0.112037037037 0.0270833333333 0.0611111111111
0 0.572395833333 0.0819444444444 0.0197916666667 0.0527777777778
0 0.598177083333 0.049537037037 0.0161458333333 0.037962962963
0 0.540364583333 0.062962962963 0.0203125 0.0407407407407
2 0.766927083333 0.453240740741 0.0828125 0.20462962963
2 0.716666666667 0.247222222222 0.0520833333333 0.118518518519
1 0.304947916667 0.0759259259259 0.0192708333333 0.0388888888889
1 0.234895833333 0.102314814815 0.0239583333333 0.0453703703704
1 0.1765625 0.131944444444 0.028125 0.0490740740741
1 0.12265625 0.168055555556 0.0380208333333 0.0675925925926
