1 0.775 0.183796296296 0.0395833333333 0.0824074074074
1 0.634895833333 0.1375 0.0375 0.0694444444444
1 0.526302083333 0.111111111111 0.0234375 0.0574074074074
1 0.442447916667 0.0865740740741 0.0182291666667 0.0453703703704
2 0.552604166667 0.037962962963 0.0166666666667 0.0333333333333
2 0.457552083333 0.0564814814815 0.0130208333333 0.037037037037
2 0.448177083333 0.0361111111111 0.00885416666667 0.0277777777778
2 0.40859375 0.0708333333333 0.0161458333333 0.0398148148148
2 0.22734375 0.0648148148148 0.0151041666667 0.037037037037
2 0.167708333333 0.0805555555556 0.0197916666667 0.0462962962963
2 0.1140625 0.102777777778 0.025 0.0574074074074
0 0.0807291666667 0.128240740741 0.025 0.0638888888889
0 0.0614583333333 0.176851851852 0.034375 0.0740740740741
0 0.1234375 0.257407407407 0.053125 0.109259259259
0 0.191927083333 0.467592592593 0.0755208333333 0.17962962963
