2 0.572135416667 0.0300925925926 0.0192708333333 0.0305555555556
2 0.474739583333 0.0472222222222 0.0119791666667 0.0277777777778
2 0.466145833333 0.0291666666667 0.0125 0.0268518518519
2 0.429427083333 0.0634259259259 0.0182291666667 0.0398148148148
2 0.2484375 0.0541666666667 0.0177083333333 0.037962962963
2 0.187760416667 0.0736111111111 0.0161458333333 0.037962962963
2 0.134895833333 0.0949074074074 0.0260416666667 0.0527777777778
0 0.10078125 0.11712962963 0.0296875 0.062037037037
0 0.0791666666667 0.166666666667 0.034375 0.0722222222222
0 0.138020833333 0.249537037037 0.05 0.112037037037
0 0.204947916667 0.468055555556 0.0869791666667 0.19537037037
1 0.798177083333 0.176851851852 0.0338541666667 0.0907407407407
1 0.6578125 0.12962962963 0.028125 0.0648148148148
1 0.546614583333 0.101851851852 0.0213541666667 0.0555555555556
1 0.461197916667 0.0777777777778 0.0192708333333 0.0425925925926
