2 0.616145833333 0.0486111111111 0.0135416666667 0.0287037037037
2 0.519791666667 0.0689814814815 0.0145833333333 0.0361111111111
2 0.50703125 0.0453703703704 0.0119791666667 0.0296296296296
2 0.470833333333 0.0865740740741 0.015625 0.0435185185185
2 0.2921875 0.0805555555556 0.015625 0.0333333333333
2 0.2328125 0.0990740740741 0.0239583333333 0.0425925925926
2 0.18203125 0.123611111111 0.0234375 0.0416666666667
0 0.147135416667 0.146759259259 0.0265625 0.0583333333333
0 0.12890625 0.193981481481 0.0338541666667 0.0731481481481
0 0.181510416667 0.277314814815 0.0473958333333 0.10462962963
0 0.240885416667 0.500925925926 0.0859375 0.187037037037
1 0.847135416667 0.191203703704 0.0348958333333 0.0935185185185
1 0.700520833333 0.14537037037 0.0322916666667 0.0666666666667
1 0.590104166667 0.121759259259 0.0208333333333 0.0546296296296
1 0.503125 0.100925925926 0.0197916666667 0.0425925925926
