1 0.8765625 0.226388888889 0.0375 0.102777777778
1 0.726302083333 0.174074074074 0.0380208333333 0.0703703703704
1 0.613020833333 0.142592592593 0.0229166666667 0.0555555555556
1 0.528645833333 0.118055555556 0.0197916666667 0.0453703703704
2 0.639583333333 0.0666666666667 0.0135416666667 0.0314814814815
2 0.5421875 0.0865740740741 0.0125 0.0342592592593
2 0.5328125 0.0625 0.015625 0.025
2 0.49296875 0.0986111111111 0.0192708333333 0.0398148148148
2 0.399479166667 0.0773148148148 0.0104166666667 0.0342592592593
2 0.31640625 0.0912037037037 0.0151041666667 0.0361111111111
2 0.257291666667 0.110648148148 0.0145833333333 0.0490740740741
2 0.20546875 0.128240740741 0.0244791666667 0.0490740740741
0 0.170572916667 0.151388888889 0.0244791666667 0.0490740740741
0 0.148697916667 0.201388888889 0.0338541666667 0.0731481481481
0 0.198177083333 0.288888888889 0.0484375 0.107407407407
0 0.24609375 0.524074074074 0.0869791666667 0.194444444444
