1 0.937239583333 0.158796296296 0.0390625 0.0768518518519
0 0.8171875 0.220833333333 0.0447916666667 0.100925925926
0 0.699479166667 0.156944444444 0.0354166666667 0.0731481481481
0 0.598697916667 0.12962962963 0.0223958333333 0.0611111111111
0 0.408333333333 0.262962962963 0.0447916666667 0.1
0 0.356770833333 0.181481481481 0.0354166666667 0.0759259259259
0 0.284114583333 0.14537037037 0.0244791666667 0.0537037037037
0 0.319010416667 0.1 0.0223958333333 0.0444444444444
0 0.254947916667 0.118518518519 0.0203125 0.0425925925926
2 0.434895833333 0.828703703704 0.13125 0.316666666667
2 0.411197916667 0.393981481481 0.0651041666667 0.141666666667
