1 0.913541666667 0.162037037037 0.0416666666667 0.0722222222222
0 0.793229166667 0.224537037037 0.053125 0.0935185185185
0 0.6765625 0.159722222222 0.0354166666667 0.0675925925926
0 0.577083333333 0.132407407407 0.025 0.0574074074074
0 0.292708333333 0.109259259259 0.0197916666667 0.0425925925926
0 0.22734375 0.122222222222 0.0203125 0.0462962962963
0 0.257291666667 0.152314814815 0.025 0.0601851851852
0 0.330729166667 0.190740740741 0.0322916666667 0.0685185185185
0 0.383854166667 0.271759259259 0.0458333333333 0.0972222222222
2 0.3875 0.40462962963 0.0572916666667 0.15
2 0.40703125 0.852777777778 0.144270833333 0.294444444444
