1 0.880729166667 0.142592592593 0.0364583333333 0.0703703703704
1 0.977083333333 0.208333333333 0.0458333333333 0.0907407407407
0 0.764583333333 0.208333333333 0.053125 0.1
0 0.645833333333 0.140277777778 0.03125 0.0712962962963
0 0.5453125 0.114814814815 0.0302083333333 0.0555555555556
0 0.259635416667 0.0907407407407 0.0234375 0.0444444444444
0 0.191666666667 0.10787037037 0.0229166666667 0.0453703703704
0 0.221614583333 0.135648148148 0.0234375 0.0546296296296
0 0.2953125 0.175925925926 0.028125 0.0666666666667
0 0.3484375 0.256944444444 0.046875 0.108333333333
2 0.350520833333 0.398148148148 0.0625 0.15
2 0.368489583333 0.8625 0.146354166667 0.275
