1 0.94453125 0.247685185185 0.0588541666667 0.10462962963
1 0.761979166667 0.181481481481 0.0333333333333 0.0722222222222
1 0.6515625 0.133333333333 0.0239583333333 0.0555555555556
2 0.794270833333 0.0740740740741 0.0177083333333 0.0351851851852
2 0.666666666667 0.062037037037 0.0104166666667 0.0296296296296
2 0.67578125 0.0949074074074 0.0171875 0.0435185185185
2 0.614322916667 0.110648148148 0.0151041666667 0.0490740740741
2 0.51171875 0.0800925925926 0.0171875 0.0342592592593
2 0.413802083333 0.0949074074074 0.0161458333333 0.0398148148148
2 0.33828125 0.112962962963 0.0171875 0.0462962962963
2 0.265625 0.143518518519 0.025 0.0574074074074
0 0.20625 0.175 0.0333333333333 0.0648148148148
0 0.129166666667 0.246759259259 0.0416666666667 0.0972222222222
0 0.0627604166667 0.460648148148 0.0817708333333 0.176851851852
