1 0.785677083333 0.167592592593 0.0338541666667 0.0796296296296
1 0.9703125 0.24212962963 0.053125 0.10462962963
1 0.67265625 0.122685185185 0.0223958333333 0.0546296296296
2 0.822135416667 0.0574074074074 0.0182291666667 0.0388888888889
2 0.69765625 0.0787037037037 0.0161458333333 0.037037037037
2 0.68984375 0.0486111111111 0.0130208333333 0.0398148148148
2 0.533333333333 0.0657407407407 0.0166666666667 0.0314814814815
2 0.63515625 0.101851851852 0.0223958333333 0.0481481481481
2 0.434375 0.0777777777778 0.0177083333333 0.0425925925926
2 0.356770833333 0.101851851852 0.0197916666667 0.0462962962963
2 0.2828125 0.127777777778 0.0291666666667 0.0574074074074
0 0.224479166667 0.162037037037 0.0302083333333 0.062962962963
0 0.145052083333 0.239351851852 0.0401041666667 0.0916666666667
0 0.0703125 0.457407407407 0.0770833333333 0.168518518519
