1 0.792708333333 0.177314814815 0.0354166666667 0.0861111111111
1 0.977604166667 0.249537037037 0.0447916666667 0.102777777778
1 0.676822916667 0.127777777778 0.0255208333333 0.0555555555556
2 0.823958333333 0.0611111111111 0.0177083333333 0.037037037037
2 0.693229166667 0.05 0.0145833333333 0.0314814814815
2 0.701822916667 0.0842592592593 0.0203125 0.0462962962963
2 0.640625 0.10462962963 0.021875 0.0537037037037
2 0.5375 0.0722222222222 0.0208333333333 0.0351851851852
2 0.437760416667 0.0865740740741 0.0182291666667 0.0435185185185
2 0.36015625 0.107407407407 0.0171875 0.0444444444444
2 0.28515625 0.1375 0.0255208333333 0.0564814814815
0 0.223697916667 0.172222222222 0.0317708333333 0.0666666666667
0 0.141145833333 0.251388888889 0.04375 0.0935185185185
0 0.0606770833333 0.474074074074 0.0828125 0.177777777778
