1 0.678385416667 0.13287037037 0.0276041666667 0.0583333333333
1 0.790885416667 0.183796296296 0.0338541666667 0.0731481481481
1 0.979427083333 0.254166666667 0.0411458333333 0.106481481481
2 0.825260416667 0.0652777777778 0.0182291666667 0.0342592592593
2 0.69375 0.0560185185185 0.0135416666667 0.0324074074074
2 0.705208333333 0.0898148148148 0.0177083333333 0.0407407407407
2 0.642447916667 0.109259259259 0.0171875 0.0518518518519
2 0.537760416667 0.0773148148148 0.0161458333333 0.0361111111111
2 0.435677083333 0.0925925925926 0.0151041666667 0.0407407407407
2 0.361979166667 0.110648148148 0.01875 0.0490740740741
2 0.285677083333 0.140740740741 0.0265625 0.0611111111111
0 0.220052083333 0.179166666667 0.0307291666667 0.0694444444444
0 0.140625 0.258796296296 0.0447916666667 0.0953703703704
0 0.0536458333333 0.491203703704 0.0854166666667 0.184259259259
