2 0.268229166667 0.155555555556 0.0260416666667 0.0592592592593
2 0.341927083333 0.123611111111 0.0203125 0.0490740740741
2 0.422395833333 0.102314814815 0.0177083333333 0.0416666666667
2 0.521614583333 0.0865740740741 0.0171875 0.0361111111111
2 0.623697916667 0.12037037037 0.0182291666667 0.05
2 0.677604166667 0.0638888888889 0.00833333333333 0.0259259259259
2 0.686458333333 0.0967592592593 0.0208333333333 0.0435185185185
2 0.809895833333 0.0722222222222 0.0177083333333 0.0351851851852
1 0.663020833333 0.140740740741 0.028125 0.0537037037037
1 0.777864583333 0.190740740741 0.0307291666667 0.0740740740741
1 0.971354166667 0.2625 0.0520833333333 0.106481481481
0 0.203385416667 0.188425925926 0.0390625 0.0712962962963
0 0.11484375 0.271759259259 0.0484375 0.0990740740741
0 0.03359375 0.506481481481 0.0661458333333 0.194444444444
