0 0.0828125 0.289814814815 0.0479166666667 0.103703703704
0 0.174479166667 0.202314814815 0.0322916666667 0.0694444444444
2 0.240885416667 0.167592592593 0.0328125 0.0592592592593
2 0.321354166667 0.134259259259 0.0197916666667 0.0481481481481
2 0.396875 0.109722222222 0.0197916666667 0.0453703703704
2 0.4984375 0.0949074074074 0.015625 0.0361111111111
2 0.604166666667 0.126388888889 0.0197916666667 0.0453703703704
2 0.663802083333 0.107407407407 0.0171875 0.0407407407407
2 0.654166666667 0.0703703703704 0.0114583333333 0.0259259259259
2 0.78671875 0.0796296296296 0.0161458333333 0.0388888888889
1 0.641145833333 0.150925925926 0.0270833333333 0.0555555555556
1 0.758072916667 0.19537037037 0.0307291666667 0.0740740740741
1 0.950520833333 0.26712962963 0.0520833333333 0.108333333333
