0 0.176875 0.310416666667 0.14125 0.214166666667
0 0.8859375 0.394583333333 0.130625 0.210833333333
0 0.370625 0.1675 0.05 0.0916666666667
0 0.63375 0.134583333333 0.03 0.0641666666667
0 0.4740625 0.0675 0.014375 0.0366666666667
0 0.496875 0.0516666666667 0.01 0.0266666666667
0 0.578125 0.0604166666667 0.00625 0.0175
1 0.4209375 0.11375 0.024375 0.0591666666667
1 0.448125 0.0945833333333 0.0175 0.0425
1 0.680625 0.200416666667 0.03375 0.0891666666667
1 0.6 0.0895833333333 0.0125 0.0358333333333
1 0.588125 0.07875 0.0075 0.0425
2 0.4621875 0.0741666666667 0.006875 0.0316666666667
2 0.61375 0.107916666667 0.00625 0.0558333333333
2 0.56875 0.0545833333333 0.00875 0.0275
