0 0.883125 0.3875 0.12875 0.258333333333
0 0.1859375 0.3125 0.140625 0.223333333333
0 0.3709375 0.164583333333 0.061875 0.0758333333333
0 0.63375 0.128333333333 0.03125 0.0583333333333
0 0.4746875 0.0633333333333 0.010625 0.035
1 0.4209375 0.117083333333 0.026875 0.0541666666667
1 0.4465625 0.0879166666667 0.019375 0.0408333333333
1 0.67875 0.203333333333 0.04 0.085
1 0.598125 0.0870833333333 0.01625 0.0291666666667
1 0.585 0.07625 0.00625 0.0325
2 0.4625 0.0729166666667 0.01 0.0358333333333
2 0.6134375 0.10375 0.006875 0.0441666666667
2 0.56875 0.0566666666667 0.0075 0.0266666666667
0 0.493125 0.0454166666667 0.0125 0.0308333333333
