1 0.76375 0.3175 0.06875 0.14
1 0.365625 0.127083333333 0.0375 0.0741666666667
1 0.4046875 0.0925 0.024375 0.0583333333333
1 0.59375 0.0895833333333 0.01625 0.0425
0 0.250625 0.232083333333 0.08 0.129166666667
0 0.6484375 0.16 0.045625 0.0716666666667
0 0.446875 0.05625 0.0175 0.0458333333333
2 0.616875 0.114166666667 0.02 0.0566666666667
2 0.4265625 0.0683333333333 0.014375 0.0383333333333
2 0.55625 0.0416666666667 0.01375 0.03
0 0.47 0.0341666666667 0.0125 0.03
1 0.57875 0.0766666666667 0.01625 0.04
1 0.5740625 0.0604166666667 0.013125 0.0275
