0 0.245625 0.251666666667 0.06875 0.146666666667
0 0.64875 0.156666666667 0.04 0.07
0 0.4434375 0.0604166666667 0.019375 0.0441666666667
1 0.7721875 0.33375 0.075625 0.1425
1 0.365625 0.1325 0.04125 0.0766666666667
1 0.405625 0.09625 0.0225 0.0591666666667
1 0.5921875 0.08875 0.011875 0.0375
1 0.61875 0.11625 0.0275 0.0508333333333
2 0.5575 0.0420833333333 0.01125 0.0291666666667
0 0.4678125 0.03625 0.014375 0.0325
2 0.4275 0.0741666666667 0.0175 0.035
1 0.5796875 0.0770833333333 0.013125 0.0358333333333
1 0.5734375 0.0645833333333 0.014375 0.0308333333333
