0 0.245 0.23875 0.0625 0.125833333333
0 0.6496875 0.155416666667 0.034375 0.0708333333333
0 0.4434375 0.0566666666667 0.013125 0.0316666666667
0 0.4703125 0.0283333333333 0.013125 0.03
1 0.3596875 0.12875 0.035625 0.0691666666667
1 0.4053125 0.0925 0.026875 0.05
1 0.7709375 0.334583333333 0.070625 0.1325
1 0.5946875 0.0891666666667 0.015625 0.0366666666667
2 0.616875 0.112083333333 0.0275 0.0558333333333
2 0.4265625 0.0625 0.013125 0.0433333333333
2 0.4565625 0.0479166666667 0.013125 0.0325
1 0.58 0.0741666666667 0.01375 0.035
2 0.5678125 0.0529166666667 0.011875 0.0291666666667
2 0.5571875 0.0441666666667 0.011875 0.03
