1 0.78 0.339166666667 0.09 0.145
1 0.3565625 0.135416666667 0.043125 0.0675
1 0.4025 0.0925 0.02375 0.06
1 0.5925 0.0858333333333 0.01875 0.045
0 0.226875 0.25 0.0775 0.133333333333
0 0.6521875 0.164583333333 0.046875 0.0741666666667
0 0.4403125 0.0554166666667 0.016875 0.0391666666667
2 0.4225 0.06625 0.01125 0.0441666666667
2 0.61875 0.11125 0.0275 0.0575
2 0.453125 0.0458333333333 0.01375 0.035
1 0.5796875 0.0716666666667 0.013125 0.03
2 0.5659375 0.05125 0.009375 0.0308333333333
2 0.5571875 0.0420833333333 0.015625 0.0291666666667
