2 0.231770833333 0.146759259259 0.028125 0.0583333333333
2 0.311458333333 0.111111111111 0.021875 0.05
2 0.390885416667 0.0861111111111 0.0151041666667 0.0425925925926
2 0.49140625 0.0712962962963 0.0151041666667 0.0314814814815
2 0.596875 0.100462962963 0.0197916666667 0.0453703703704
2 0.6484375 0.0462962962963 0.0135416666667 0.0333333333333
2 0.659375 0.0787037037037 0.0208333333333 0.0425925925926
2 0.782552083333 0.0527777777778 0.0192708333333 0.0351851851852
1 0.953645833333 0.241666666667 0.0614583333333 0.116666666667
1 0.75390625 0.17037037037 0.0401041666667 0.0814814814815
1 0.636979166667 0.122222222222 0.0260416666667 0.0555555555556
0 0.165364583333 0.186111111111 0.0401041666667 0.0685185185185
0 0.0729166666667 0.274074074074 0.0510416666667 0.1
