0 0.21375 0.263333333333 0.0725 0.176666666667
0 0.6515625 0.162083333333 0.034375 0.0725
0 0.436875 0.0529166666667 0.01625 0.0358333333333
1 0.3490625 0.1375 0.055625 0.075
1 0.7928125 0.36375 0.075625 0.179166666667
1 0.3975 0.09625 0.0175 0.0591666666667
1 0.5928125 0.0841666666667 0.016875 0.0383333333333
2 0.615625 0.11 0.01875 0.075
2 0.421875 0.0658333333333 0.01875 0.045
1 0.5778125 0.0725 0.014375 0.0333333333333
2 0.4490625 0.0454166666667 0.013125 0.0375
2 0.5653125 0.0458333333333 0.010625 0.0283333333333
