0 0.2021875 0.270833333333 0.076875 0.138333333333
0 0.65125 0.166666666667 0.04125 0.0783333333333
0 0.4365625 0.0529166666667 0.015625 0.0425
1 0.3465625 0.135833333333 0.039375 0.0733333333333
1 0.79875 0.372083333333 0.09 0.1625
1 0.3946875 0.0966666666667 0.024375 0.05
1 0.5928125 0.0920833333333 0.015625 0.0475
2 0.4171875 0.0695833333333 0.015625 0.0491666666667
2 0.6153125 0.11125 0.025625 0.0658333333333
2 0.4503125 0.0475 0.011875 0.0316666666667
2 0.565 0.04875 0.0125 0.0325
1 0.5771875 0.075 0.013125 0.0366666666667
