0 0.2021875 0.272916666667 0.070625 0.150833333333
0 0.654375 0.17125 0.0425 0.0808333333333
0 0.4384375 0.0616666666667 0.010625 0.045
1 0.3471875 0.13875 0.044375 0.0775
1 0.3965625 0.0995833333333 0.025625 0.0558333333333
1 0.806875 0.38125 0.09 0.1575
1 0.5909375 0.09125 0.015625 0.0375
2 0.6178125 0.118333333333 0.024375 0.0566666666667
2 0.41875 0.0733333333333 0.01375 0.0433333333333
1 0.578125 0.0770833333333 0.0175 0.0358333333333
2 0.45 0.0516666666667 0.01375 0.035
2 0.5640625 0.0575 0.010625 0.0216666666667
