0 0.0479166666667 0.281481481481 0.0510416666667 0.107407407407
0 0.1453125 0.183333333333 0.0375 0.0703703703704
2 0.21484375 0.144444444444 0.0307291666667 0.062962962963
2 0.29375 0.10787037037 0.021875 0.0490740740741
2 0.374479166667 0.0842592592593 0.0177083333333 0.0425925925926
2 0.477604166667 0.0657407407407 0.0197916666667 0.0388888888889
2 0.583333333333 0.099537037037 0.0208333333333 0.0527777777778
2 0.6453125 0.074537037037 0.0166666666667 0.0435185185185
2 0.635416666667 0.0398148148148 0.0114583333333 0.0296296296296
2 0.76796875 0.049537037037 0.0171875 0.037962962963
1 0.622135416667 0.117592592593 0.0255208333333 0.0555555555556
1 0.741666666667 0.167592592593 0.0322916666667 0.0833333333333
1 0.940364583333 0.239351851852 0.0546875 0.119444444444
