0 0.1115625 0.375 0.105625 0.18
0 0.6753125 0.19625 0.045625 0.0858333333333
1 0.9065625 0.52375 0.116875 0.199166666667
1 0.3253125 0.165833333333 0.045625 0.0833333333333
1 0.3871875 0.110416666667 0.030625 0.0591666666667
1 0.600625 0.0970833333333 0.02375 0.0558333333333
2 0.4184375 0.07875 0.021875 0.0475
2 0.631875 0.12625 0.03125 0.0625
0 0.436875 0.0620833333333 0.01125 0.0475
2 0.4503125 0.0545833333333 0.014375 0.0308333333333
1 0.5871875 0.0833333333333 0.015625 0.0366666666667
1 0.58 0.07 0.01375 0.0283333333333
2 0.5696875 0.0583333333333 0.010625 0.0283333333333
0 0.465625 0.0416666666667 0.01375 0.025
