2 0.767708333333 0.0476851851852 0.021875 0.0361111111111
2 0.64453125 0.0699074074074 0.0151041666667 0.0361111111111
2 0.635416666667 0.0361111111111 0.0114583333333 0.0388888888889
2 0.584895833333 0.0939814814815 0.0197916666667 0.0472222222222
2 0.478125 0.0583333333333 0.015625 0.037037037037
2 0.372395833333 0.0773148148148 0.0197916666667 0.0435185185185
2 0.293489583333 0.0986111111111 0.0213541666667 0.0490740740741
2 0.211979166667 0.132407407407 0.0322916666667 0.0648148148148
0 0.140104166667 0.170833333333 0.0364583333333 0.0731481481481
0 0.04140625 0.265277777778 0.0505208333333 0.110185185185
1 0.622916666667 0.116203703704 0.028125 0.0583333333333
1 0.742447916667 0.167592592593 0.0380208333333 0.0796296296296
1 0.945572916667 0.246759259259 0.0526041666667 0.110185185185
