0 0.0815625 0.389583333333 0.118125 0.1975
1 0.921875 0.5575 0.1425 0.21
0 0.6703125 0.20375 0.045625 0.0841666666667
1 0.3159375 0.168333333333 0.053125 0.0933333333333
1 0.380625 0.114583333333 0.04 0.0641666666667
1 0.5959375 0.100416666667 0.021875 0.0425
2 0.4090625 0.0854166666667 0.020625 0.0508333333333
2 0.625625 0.129166666667 0.0275 0.0616666666667
0 0.4284375 0.0658333333333 0.023125 0.045
2 0.4428125 0.05625 0.011875 0.0391666666667
1 0.5821875 0.08875 0.018125 0.0375
1 0.5734375 0.0729166666667 0.016875 0.0258333333333
2 0.5646875 0.0558333333333 0.011875 0.0333333333333
1 0.4525 0.0458333333333 0.01125 0.0333333333333
