1 0.774739583333 0.161574074074 0.0369791666667 0.0861111111111
1 0.976822916667 0.238425925926 0.0463541666667 0.128703703704
1 0.651302083333 0.109259259259 0.0276041666667 0.0592592592593
2 0.8 0.0361111111111 0.0177083333333 0.0333333333333
2 0.675520833333 0.062037037037 0.0177083333333 0.0407407407407
2 0.6625 0.0282407407407 0.0145833333333 0.0342592592593
2 0.6125 0.0865740740741 0.01875 0.0546296296296
2 0.505989583333 0.0546296296296 0.0140625 0.0388888888889
2 0.40234375 0.0689814814815 0.0234375 0.0416666666667
2 0.31953125 0.0967592592593 0.0234375 0.0490740740741
2 0.238802083333 0.131481481481 0.0265625 0.0574074074074
0 0.172916666667 0.171296296296 0.040625 0.0722222222222
0 0.0703125 0.268518518519 0.0479166666667 0.109259259259
