2 0.84765625 0.0532407407407 0.0161458333333 0.0324074074074
2 0.718229166667 0.0782407407407 0.0197916666667 0.0435185185185
2 0.708072916667 0.0458333333333 0.0119791666667 0.0305555555556
2 0.65546875 0.10462962963 0.0192708333333 0.0462962962963
2 0.544270833333 0.0666666666667 0.0166666666667 0.0388888888889
2 0.44296875 0.0851851851852 0.0192708333333 0.0481481481481
2 0.361979166667 0.111111111111 0.0239583333333 0.0462962962963
2 0.282552083333 0.147222222222 0.0244791666667 0.0611111111111
0 0.211197916667 0.187037037037 0.0369791666667 0.0740740740741
0 0.107291666667 0.283796296296 0.05625 0.100925925926
1 0.8234375 0.184259259259 0.034375 0.0796296296296
1 0.696354166667 0.127314814815 0.0260416666667 0.062037037037
