1 0.876041666667 0.1875 0.0427083333333 0.0953703703704
1 0.74609375 0.133796296296 0.0234375 0.062037037037
2 0.902864583333 0.0513888888889 0.0192708333333 0.0435185185185
2 0.768489583333 0.0814814814815 0.0182291666667 0.0425925925926
2 0.757552083333 0.0439814814815 0.0130208333333 0.0324074074074
2 0.702604166667 0.108796296296 0.0239583333333 0.0583333333333
2 0.587239583333 0.0740740740741 0.0203125 0.0351851851852
2 0.48671875 0.0935185185185 0.0171875 0.0407407407407
2 0.404947916667 0.117592592593 0.0182291666667 0.0537037037037
2 0.32578125 0.15787037037 0.0286458333333 0.0638888888889
0 0.258333333333 0.199074074074 0.0364583333333 0.0685185185185
0 0.15703125 0.296296296296 0.0473958333333 0.1
0 0.03203125 0.616666666667 0.0630208333333 0.2
