2 0.316145833333 0.176388888889 0.0270833333333 0.0583333333333
2 0.40078125 0.141666666667 0.0203125 0.0555555555556
2 0.48203125 0.120833333333 0.0161458333333 0.0435185185185
2 0.58359375 0.102314814815 0.0130208333333 0.0324074074074
2 0.693489583333 0.140277777778 0.0171875 0.0527777777778
2 0.761458333333 0.116203703704 0.021875 0.0472222222222
2 0.896875 0.0935185185185 0.0208333333333 0.05
1 0.870052083333 0.229166666667 0.0411458333333 0.0842592592593
1 0.7359375 0.168055555556 0.0302083333333 0.0583333333333
0 0.246614583333 0.21712962963 0.0348958333333 0.0657407407407
0 0.142708333333 0.314814814815 0.0489583333333 0.109259259259
