1 0.2034375 0.300833333333 0.086875 0.146666666667
1 0.673125 0.19625 0.03875 0.0775
1 0.634375 0.150833333333 0.02375 0.065
1 0.6090625 0.1125 0.023125 0.05
1 0.4303125 0.0716666666667 0.015625 0.04
2 0.3340625 0.15875 0.044375 0.0858333333333
2 0.7978125 0.337083333333 0.080625 0.140833333333
2 0.415 0.085 0.02 0.05
0 0.3875 0.1125 0.02625 0.0633333333333
2 0.58875 0.0916666666667 0.0175 0.04
0 0.5803125 0.0804166666667 0.016875 0.0358333333333
2 0.56875 0.0654166666667 0.015 0.0358333333333
0 0.4425 0.0633333333333 0.01125 0.0316666666667
