1 0.86875 0.236111111111 0.0333333333333 0.0796296296296
1 0.735677083333 0.176388888889 0.0286458333333 0.0564814814815
2 0.894791666667 0.0990740740741 0.01875 0.0425925925926
2 0.760677083333 0.123611111111 0.0192708333333 0.0472222222222
2 0.69375 0.149074074074 0.0239583333333 0.0537037037037
2 0.583333333333 0.115277777778 0.0177083333333 0.0416666666667
2 0.476041666667 0.127314814815 0.0197916666667 0.0490740740741
2 0.397395833333 0.154166666667 0.021875 0.0490740740741
2 0.316145833333 0.19212962963 0.034375 0.0601851851852
0 0.242708333333 0.22962962963 0.0333333333333 0.0685185185185
0 0.136458333333 0.333333333333 0.0520833333333 0.105555555556
