1 0.185 0.3175 0.0975 0.156666666667
1 0.6840625 0.199583333333 0.048125 0.0875
1 0.6378125 0.152916666667 0.031875 0.0675
1 0.6159375 0.112916666667 0.025625 0.0508333333333
2 0.3296875 0.162083333333 0.058125 0.0891666666667
2 0.816875 0.364166666667 0.08625 0.143333333333
2 0.41625 0.09 0.02875 0.0583333333333
0 0.39 0.11625 0.0325 0.0675
2 0.5953125 0.09375 0.016875 0.0441666666667
1 0.4346875 0.0720833333333 0.020625 0.0408333333333
0 0.5846875 0.08375 0.015625 0.0375
2 0.575 0.0704166666667 0.015 0.0358333333333
