1 0.178125 0.335416666667 0.08375 0.1575
1 0.6859375 0.2075 0.045625 0.095
1 0.643125 0.15875 0.03625 0.0741666666667
1 0.6128125 0.116666666667 0.018125 0.0533333333333
1 0.43625 0.0791666666667 0.02125 0.045
2 0.825625 0.380416666667 0.0925 0.1425
2 0.325625 0.173333333333 0.05125 0.085
2 0.4165625 0.0958333333333 0.028125 0.0566666666667
0 0.38625 0.120416666667 0.035 0.0691666666667
2 0.595 0.0983333333333 0.02 0.0466666666667
0 0.5859375 0.0854166666667 0.018125 0.0375
0 0.4446875 0.0704166666667 0.014375 0.0358333333333
