1 0.1253125 0.379166666667 0.105625 0.168333333333
1 0.686875 0.221666666667 0.055 0.0866666666667
1 0.6415625 0.164583333333 0.038125 0.0608333333333
1 0.61625 0.120833333333 0.025 0.0516666666667
1 0.4265625 0.08 0.014375 0.0433333333333
2 0.31125 0.1825 0.0525 0.0866666666667
2 0.8521875 0.419583333333 0.103125 0.154166666667
2 0.4053125 0.0970833333333 0.019375 0.0475
2 0.5709375 0.0725 0.011875 0.0283333333333
2 0.5946875 0.0966666666667 0.014375 0.0333333333333
2 0.37375 0.126666666667 0.03375 0.065
