1 0.1053125 0.391666666667 0.115625 0.18
1 0.689375 0.221666666667 0.04125 0.0816666666667
1 0.6384375 0.16375 0.035625 0.0641666666667
1 0.6140625 0.119583333333 0.023125 0.0508333333333
1 0.4225 0.07375 0.015 0.0408333333333
2 0.8640625 0.432916666667 0.105625 0.164166666667
2 0.3028125 0.180416666667 0.054375 0.0891666666667
2 0.40125 0.0941666666667 0.02375 0.0466666666667
2 0.569375 0.0683333333333 0.015 0.0316666666667
2 0.59375 0.0925 0.0125 0.0333333333333
0 0.3690625 0.121666666667 0.034375 0.0633333333333
0 0.4378125 0.06 0.013125 0.0466666666667
