1 0.051875 0.454583333333 0.09875 0.204166666667
1 0.6890625 0.237916666667 0.046875 0.0925
1 0.6359375 0.175416666667 0.026875 0.0658333333333
1 0.6084375 0.12625 0.023125 0.0541666666667
1 0.409375 0.0775 0.0175 0.0366666666667
2 0.2790625 0.19375 0.053125 0.0891666666667
2 0.88875 0.489583333333 0.1275 0.1875
2 0.3875 0.0979166666667 0.01875 0.0475
2 0.560625 0.0716666666667 0.015 0.03
2 0.5859375 0.0983333333333 0.010625 0.0333333333333
0 0.3553125 0.131666666667 0.033125 0.0666666666667
0 0.4284375 0.06375 0.011875 0.0458333333333
