1 0.0390625 0.482083333333 0.076875 0.2175
1 0.691875 0.244166666667 0.05 0.095
1 0.6365625 0.173333333333 0.034375 0.0633333333333
1 0.6053125 0.123333333333 0.023125 0.0466666666667
1 0.4071875 0.0775 0.018125 0.0366666666667
2 0.2696875 0.19875 0.055625 0.0991666666667
2 0.9078125 0.511666666667 0.133125 0.191666666667
2 0.38875 0.09625 0.015 0.0591666666667
2 0.55875 0.0683333333333 0.01625 0.0316666666667
2 0.5828125 0.0983333333333 0.010625 0.0416666666667
0 0.35 0.1275 0.0325 0.0616666666667
0 0.423125 0.0625 0.0125 0.0416666666667
