2 0.31328125 0.189351851852 0.0276041666667 0.062037037037
2 0.39765625 0.159259259259 0.0213541666667 0.0481481481481
2 0.479947916667 0.131944444444 0.0130208333333 0.0435185185185
2 0.583333333333 0.113425925926 0.0135416666667 0.0361111111111
2 0.69375 0.150462962963 0.0260416666667 0.0564814814815
2 0.75859375 0.126388888889 0.0213541666667 0.0435185185185
2 0.8921875 0.1 0.0197916666667 0.0351851851852
1 0.7359375 0.175925925926 0.025 0.062962962963
1 0.872135416667 0.238425925926 0.0401041666667 0.0861111111111
0 0.2421875 0.231944444444 0.034375 0.0694444444444
0 0.133854166667 0.338425925926 0.0552083333333 0.106481481481
