2 0.2134375 0.244166666667 0.069375 0.113333333333
2 0.3703125 0.108333333333 0.033125 0.0583333333333
2 0.56125 0.075 0.01625 0.0333333333333
2 0.5915625 0.107083333333 0.013125 0.0458333333333
0 0.328125 0.15 0.03625 0.075
0 0.414375 0.0679166666667 0.02 0.0458333333333
0 0.5775 0.0954166666667 0.01 0.0441666666667
1 0.729375 0.300833333333 0.05625 0.116666666667
1 0.655 0.205 0.045 0.0866666666667
1 0.6171875 0.135416666667 0.021875 0.0641666666667
1 0.3965625 0.0879166666667 0.013125 0.0491666666667
