2 0.1921875 0.274166666667 0.076875 0.131666666667
2 0.3728125 0.117916666667 0.030625 0.0608333333333
2 0.5709375 0.08125 0.020625 0.0375
2 0.6009375 0.115416666667 0.015625 0.0458333333333
0 0.3215625 0.1625 0.046875 0.0816666666667
0 0.4203125 0.0754166666667 0.020625 0.0458333333333
0 0.583125 0.0991666666667 0.01625 0.04
1 0.76125 0.34 0.07375 0.128333333333
1 0.6721875 0.224583333333 0.056875 0.0941666666667
1 0.629375 0.150833333333 0.025 0.0633333333333
1 0.4 0.0925 0.0175 0.0466666666667
