2 0.1803125 0.294583333333 0.085625 0.140833333333
2 0.374375 0.12875 0.03375 0.0675
2 0.57375 0.0904166666667 0.01625 0.0375
2 0.605 0.124166666667 0.01625 0.0483333333333
0 0.3203125 0.172083333333 0.048125 0.0808333333333
0 0.4159375 0.08125 0.014375 0.0425
1 0.7746875 0.364166666667 0.069375 0.128333333333
1 0.68 0.240416666667 0.055 0.0908333333333
1 0.6346875 0.159166666667 0.026875 0.07
1 0.4 0.09625 0.0125 0.0458333333333
0 0.5890625 0.10875 0.021875 0.0458333333333
0 0.4265625 0.07125 0.013125 0.0408333333333
