2 0.14125 0.33125 0.1 0.1475
2 0.37 0.135 0.0375 0.0683333333333
2 0.5778125 0.0908333333333 0.018125 0.0416666666667
2 0.61125 0.1275 0.015 0.055
0 0.3071875 0.182916666667 0.050625 0.0841666666667
0 0.4134375 0.0879166666667 0.015625 0.0491666666667
1 0.645 0.169166666667 0.0375 0.0716666666667
1 0.6946875 0.259166666667 0.059375 0.1
1 0.8084375 0.415833333333 0.090625 0.148333333333
1 0.399375 0.10375 0.01875 0.0441666666667
0 0.594375 0.112083333333 0.02375 0.0475
0 0.4265625 0.0745833333333 0.014375 0.0408333333333
