2 0.0965625 0.36875 0.113125 0.1725
2 0.3575 0.14125 0.04 0.0741666666667
2 0.576875 0.0933333333333 0.01625 0.0383333333333
2 0.610625 0.134583333333 0.02125 0.0475
0 0.2903125 0.195833333333 0.049375 0.0916666666667
0 0.4084375 0.0920833333333 0.014375 0.0441666666667
1 0.83375 0.4575 0.1025 0.168333333333
1 0.6996875 0.274583333333 0.063125 0.1025
1 0.64625 0.175416666667 0.0375 0.0758333333333
1 0.3909375 0.107916666667 0.016875 0.0508333333333
0 0.5915625 0.113333333333 0.023125 0.0516666666667
0 0.4215625 0.0779166666667 0.014375 0.0375
