2 0.0665625 0.405833333333 0.124375 0.19
2 0.3596875 0.145 0.038125 0.0733333333333
2 0.5859375 0.0929166666667 0.020625 0.0391666666667
2 0.6190625 0.132083333333 0.020625 0.0541666666667
0 0.2878125 0.205 0.051875 0.095
0 0.4128125 0.0908333333333 0.013125 0.0483333333333
0 0.4240625 0.07625 0.015625 0.0391666666667
1 0.39375 0.107916666667 0.02375 0.0508333333333
1 0.6575 0.175416666667 0.0375 0.0841666666667
1 0.720625 0.286666666667 0.06625 0.11
1 0.870625 0.5025 0.11375 0.186666666667
0 0.601875 0.115 0.02 0.0466666666667
