2 0.056875 0.430416666667 0.1125 0.194166666667
2 0.3596875 0.14625 0.038125 0.0741666666667
2 0.58875 0.09125 0.02125 0.0441666666667
2 0.6259375 0.134166666667 0.018125 0.05
0 0.284375 0.212916666667 0.05625 0.0958333333333
0 0.414375 0.09 0.01625 0.045
0 0.4265625 0.0770833333333 0.016875 0.0391666666667
0 0.6053125 0.118333333333 0.019375 0.0466666666667
1 0.395 0.110416666667 0.01875 0.0525
1 0.6621875 0.185 0.036875 0.0783333333333
1 0.7259375 0.295833333333 0.068125 0.11
1 0.9 0.535 0.12625 0.193333333333
