0 0.1509375 0.31 0.121875 0.201666666667
0 0.895625 0.41 0.13875 0.226666666667
0 0.3578125 0.1475 0.041875 0.0716666666667
0 0.62375 0.119583333333 0.02375 0.0491666666667
0 0.4653125 0.0520833333333 0.011875 0.0275
1 0.6775 0.191666666667 0.04 0.0816666666667
1 0.4134375 0.0995833333333 0.025625 0.0508333333333
1 0.43875 0.075 0.01625 0.04
1 0.5909375 0.0733333333333 0.011875 0.0283333333333
1 0.5796875 0.06375 0.008125 0.0291666666667
2 0.608125 0.0916666666667 0.01375 0.04
2 0.564375 0.0408333333333 0.0075 0.0183333333333
2 0.454375 0.0595833333333 0.0125 0.0375
