2 0.30078125 0.19537037037 0.0234375 0.0648148148148
2 0.387239583333 0.15787037037 0.0182291666667 0.0509259259259
2 0.46875 0.135648148148 0.0177083333333 0.0453703703704
2 0.5734375 0.120833333333 0.0135416666667 0.0398148148148
2 0.684114583333 0.158796296296 0.0213541666667 0.0527777777778
2 0.884114583333 0.106944444444 0.0171875 0.0416666666667
2 0.75078125 0.134259259259 0.0161458333333 0.0425925925926
2 0.740104166667 0.0962962962963 0.0135416666667 0.0333333333333
1 0.728125 0.184722222222 0.025 0.062037037037
1 0.863802083333 0.250462962963 0.0369791666667 0.087962962963
0 0.230208333333 0.237037037037 0.0291666666667 0.0703703703704
0 0.11640625 0.337962962963 0.0494791666667 0.107407407407
