2 0.04 0.4825 0.0775 0.225
2 0.354375 0.151666666667 0.04125 0.0716666666667
2 0.5909375 0.0958333333333 0.023125 0.0416666666667
2 0.6315625 0.142083333333 0.019375 0.0575
0 0.273125 0.223333333333 0.05875 0.1
0 0.4128125 0.0929166666667 0.018125 0.0475
0 0.4275 0.08125 0.01625 0.0391666666667
0 0.614375 0.120416666667 0.01375 0.0491666666667
1 0.395 0.112083333333 0.01875 0.0508333333333
1 0.669375 0.18875 0.04375 0.0808333333333
1 0.7409375 0.314166666667 0.079375 0.121666666667
1 0.9346875 0.584583333333 0.130625 0.205833333333
