2 0.27734375 0.210648148148 0.0307291666667 0.0638888888889
2 0.363802083333 0.175 0.0192708333333 0.0462962962963
2 0.446875 0.149074074074 0.01875 0.0425925925926
2 0.552604166667 0.133796296296 0.0166666666667 0.0398148148148
2 0.6640625 0.166666666667 0.0208333333333 0.0574074074074
2 0.86015625 0.121759259259 0.0234375 0.0416666666667
2 0.730729166667 0.146296296296 0.01875 0.0462962962963
2 0.7171875 0.108333333333 0.0114583333333 0.0351851851852
1 0.711197916667 0.201388888889 0.0286458333333 0.062037037037
1 0.845572916667 0.261111111111 0.0453125 0.0907407407407
0 0.202864583333 0.255092592593 0.0390625 0.075
0 0.084375 0.366203703704 0.059375 0.119444444444
