2 0.24140625 0.198611111111 0.0307291666667 0.0675925925926
2 0.33046875 0.159722222222 0.0213541666667 0.0490740740741
2 0.413802083333 0.131018518519 0.0203125 0.0435185185185
2 0.519270833333 0.110648148148 0.0166666666667 0.037962962963
2 0.631510416667 0.144444444444 0.0223958333333 0.0555555555556
2 0.684635416667 0.0847222222222 0.0151041666667 0.0324074074074
2 0.69765625 0.118981481481 0.0192708333333 0.0435185185185
2 0.827604166667 0.0953703703704 0.0145833333333 0.0333333333333
1 0.678645833333 0.175462962963 0.0302083333333 0.0601851851852
1 0.8171875 0.236111111111 0.0427083333333 0.0925925925926
0 0.165885416667 0.244907407407 0.0411458333333 0.0787037037037
0 0.0419270833333 0.365740740741 0.0598958333333 0.124074074074
