2 0.212760416667 0.205555555556 0.0348958333333 0.0611111111111
2 0.304427083333 0.165277777778 0.0151041666667 0.0490740740741
2 0.38984375 0.1375 0.0171875 0.0453703703704
2 0.496354166667 0.117592592593 0.0166666666667 0.0407407407407
2 0.610416666667 0.15462962963 0.0197916666667 0.05
2 0.658854166667 0.0916666666667 0.0125 0.0333333333333
2 0.67421875 0.128703703704 0.0203125 0.0425925925926
2 0.799479166667 0.101851851852 0.0177083333333 0.0333333333333
1 0.79609375 0.243055555556 0.0401041666667 0.0842592592593
1 0.656770833333 0.183796296296 0.0291666666667 0.062037037037
0 0.13671875 0.258333333333 0.0421875 0.0796296296296
0 0.0200520833333 0.380555555556 0.0390625 0.12037037037
