2 0.221875 0.19212962963 0.028125 0.0694444444444
2 0.3125 0.150925925926 0.021875 0.0574074074074
2 0.39765625 0.125925925926 0.0182291666667 0.037037037037
2 0.504427083333 0.106018518519 0.0182291666667 0.0324074074074
2 0.61953125 0.146296296296 0.0182291666667 0.0555555555556
2 0.66953125 0.0819444444444 0.0140625 0.0287037037037
2 0.6828125 0.118981481481 0.0239583333333 0.0472222222222
2 0.81171875 0.0912037037037 0.0140625 0.037962962963
1 0.8078125 0.233796296296 0.0354166666667 0.0842592592593
1 0.6640625 0.173611111111 0.0302083333333 0.062037037037
0 0.13984375 0.236574074074 0.0411458333333 0.0787037037037
0 0.0208333333333 0.365277777778 0.040625 0.112037037037
