0 0.1821875 0.302083333333 0.119375 0.180833333333
0 0.8875 0.39125 0.13125 0.205833333333
0 0.371875 0.160833333333 0.0375 0.0716666666667
0 0.630625 0.129166666667 0.02125 0.04
1 0.424375 0.114166666667 0.025 0.0516666666667
1 0.6784375 0.203333333333 0.035625 0.075
1 0.4496875 0.0920833333333 0.011875 0.0325
1 0.5984375 0.0875 0.010625 0.0316666666667
2 0.614375 0.105416666667 0.01 0.0375
2 0.4646875 0.0766666666667 0.015625 0.0316666666667
0 0.4759375 0.0670833333333 0.013125 0.0308333333333
1 0.590625 0.07875 0.01375 0.0275
