2 0.225 0.187962962963 0.0302083333333 0.0703703703704
2 0.31796875 0.142592592593 0.0171875 0.0555555555556
2 0.4046875 0.118518518519 0.0197916666667 0.0444444444444
2 0.510677083333 0.0935185185185 0.0151041666667 0.0407407407407
2 0.626302083333 0.127314814815 0.0192708333333 0.0527777777778
2 0.676302083333 0.0680555555556 0.0151041666667 0.0305555555556
2 0.69296875 0.10462962963 0.0223958333333 0.0444444444444
2 0.82109375 0.0740740740741 0.0151041666667 0.0425925925926
1 0.821354166667 0.219907407407 0.0364583333333 0.0842592592593
1 0.673697916667 0.160648148148 0.0296875 0.0657407407407
0 0.146354166667 0.235648148148 0.0395833333333 0.0787037037037
0 0.0221354166667 0.364351851852 0.0432291666667 0.126851851852
