0 0.0896875 0.336666666667 0.140625 0.218333333333
0 0.8853125 0.436666666667 0.155625 0.233333333333
0 0.3225 0.154583333333 0.03875 0.0741666666667
0 0.6003125 0.122083333333 0.016875 0.0475
0 0.438125 0.0529166666667 0.01125 0.0325
1 0.3865625 0.103333333333 0.023125 0.0516666666667
1 0.41125 0.0820833333333 0.02 0.0408333333333
1 0.6534375 0.19875 0.044375 0.0875
1 0.564375 0.0770833333333 0.01 0.0291666666667
1 0.5540625 0.06125 0.009375 0.0341666666667
2 0.42625 0.0616666666667 0.0175 0.0366666666667
2 0.4509375 0.0495833333333 0.009375 0.0275
