2 0.221354166667 0.189351851852 0.0322916666667 0.0675925925926
2 0.315625 0.148611111111 0.0270833333333 0.0527777777778
2 0.403645833333 0.115740740741 0.01875 0.0462962962963
2 0.509635416667 0.0935185185185 0.0151041666667 0.0388888888889
2 0.629166666667 0.126388888889 0.0239583333333 0.0546296296296
2 0.691666666667 0.1 0.015625 0.0537037037037
2 0.678645833333 0.0662037037037 0.0125 0.0324074074074
2 0.820572916667 0.0671296296296 0.0161458333333 0.0324074074074
1 0.822395833333 0.209722222222 0.0395833333333 0.0898148148148
1 0.676302083333 0.154166666667 0.0286458333333 0.062037037037
0 0.140625 0.241203703704 0.040625 0.0861111111111
0 0.01875 0.389351851852 0.0364583333333 0.0898148148148
