0 0.0896875 0.339583333333 0.126875 0.2225
0 0.8928125 0.432083333333 0.154375 0.240833333333
0 0.3221875 0.155416666667 0.039375 0.0708333333333
0 0.6003125 0.125 0.026875 0.0583333333333
0 0.438125 0.0541666666667 0.01125 0.0266666666667
1 0.3821875 0.101666666667 0.024375 0.0483333333333
1 0.41 0.08 0.02 0.0383333333333
1 0.6525 0.20125 0.04625 0.0858333333333
1 0.5640625 0.07375 0.010625 0.0325
1 0.5525 0.0625 0.00875 0.0333333333333
2 0.425625 0.0641666666667 0.0175 0.0383333333333
2 0.4478125 0.0475 0.009375 0.0233333333333
