0 0.1325 0.348333333333 0.14125 0.241666666667
0 0.946875 0.455 0.10625 0.243333333333
0 0.3746875 0.150416666667 0.043125 0.0758333333333
0 0.6534375 0.115833333333 0.024375 0.0516666666667
0 0.4871875 0.0458333333333 0.011875 0.0316666666667
1 0.4334375 0.09625 0.028125 0.0508333333333
1 0.4603125 0.0720833333333 0.016875 0.0391666666667
1 0.709375 0.197083333333 0.05125 0.0808333333333
1 0.6153125 0.06625 0.006875 0.0308333333333
1 0.6034375 0.0558333333333 0.010625 0.0316666666667
2 0.6321875 0.0875 0.015625 0.0483333333333
2 0.476875 0.0529166666667 0.01375 0.0425
2 0.496875 0.0404166666667 0.0125 0.0308333333333
